52147
111361
59782
383928
297785
924112
438136
332714
911643
550476
521435
131287
3497
654592
640284
319440
952744
826670
736854
7977
468395
325415
291257
999317
297546
98556
23319
448109
685890
173646
338507
790927
974569
488258
61702
172195
739083
987729
922807
292345
874022
442044
670614
171214
540543
916316
309838
985070
306272
350615
275717
204083
627438
742063
998985
284523
499306
691636
511960
175704
664644
484570
544076
664336
605015
169893
186529
832389
546886
242753
373988
262495
563953
263150
828923
832261
570643
491544
546251
659387
246203
168900
661257
532133
637156
664487
485665
896554
161395
304529
403196
707060
50766
572358
726194
628243
657300
507565
377484
407489
866748
133538
270900
217920
406221
679782
492603
469920
41911
900470
301511
309341
399117
1209
829656
308773
217888
133778
552821
961270
570361
778838
952503
345574
616434
303831
981041
137724
103665
816863
1658
881532
413378
358713
49818
2369
722960
391336
25229
332674
343040
887547
749174
833718
222827
821112
477795
443668
97397
24629
994617
412340
155150
131911
812476
267217
917829
842513
210877
607856
922436
927614
53537
548633
155116
505097
575369
214724
370126
142073
924003
794960
116930
859627
657741
882284
948648
565255
836833
676248
47033
494677
412449
788550
988617
494312
379520
776986
614491
668984
56715
234385
412192
69518
453874
814525
9870
42264
573815
385646
764954
405596
260594
359981
426577
251017
929086
15330
124632
179945
157316
599509
382014
377971
182562
839697
67259
205694
702327
780965
979144
595279
932365
378564
624986
417043
316580
132812
843388
805096
828631
382755
78920
294869
914414
298110
688001
844699
501631
429115
403472
99811
902401
205806
118618
355606
834862
584761
529274
843596
988308
739093
659936
893788
424953
585005
202565
519058
761897
341033
446282
902398
305374
73608
239916
177961
464074
153254
988134
438691
229251
21725
898660
998456
38155
736072
497375
972353
453947
145955
167193
410646
835340
964366
600439
354785
280450
130992
913398
773261
246646
262264
329739
760670
235070
315327
34524
421211
322235
335754
267860
919526
797886
992107
301671
36588
999255
665478
195874
12215
589436
133169
362477
36448
767123
173813
212065
491170
494044
659762
141760
916171
538878
92062
467285
815947
414316
136622
215721
354479
143092
550541
242847
778983
199652
361289
665517
865795
300825
763597
423927
203645
253925
771593
380105
707055
271836
549422
704241
573733
410684
894293
528567
427085
595126
83647
920635
569739
529309
697399
998121
396521
826090
991700
771290
521580
440874
412315
883914
646145
374724
970881
93874
832726
783083
481613
470658
639942
13596
18140
699709
493484
54356
435070
15216
45721
533010
51134
378896
260320
311044
87935
624047
435150
472145
561602
894043
933559
513282
601412
738707
721323
502926
316932
487719
522504
783360
365411
430507
653865
547207
976419
974871
323708
114714
122002
620926
236530
637253
654656
549161
218255
518229
258475
415248
753057
772572
601724
485172
308045
246306
518698
290076
405700
975336
655101
32106
600149
589018
47725
936792
118813
787472
331945
968916
225433
776897
447603
139446
570460
461061
372712
460442
582556
431236
337437
280991
339238
415936
164390
862331
48050
520637
607536
318648
461649
312009
373454
472014
564866
257707
423313
791454
998949
850988
473551
967049
568967
463420
632454
922091
798684
830083
67099
233463
86602
108358
112763
777200
164321
927601
50914
622018
225641
166663
482490
495931
107029
742499
922075
635945
594579
879145
274929
554512
828485
234255
943868
568840
947913
164545
137456
227313
163892
7158
940732
632981
139294
538637
901864
7512
808791
43555
652311
467358
904504
322292
169452
737465
196564
331370
996617
730637
735116
265735
281651
504643
493121
429676
138257
699878
245733
968132
452819
656605
18027
825040
153456
85957
557725
236879
970247
755243
251339
33289
458279
129955
98529
508344
780842
218887
31506
197332
825596
612816
611824
661946
479481
439946
780894
230712
739189
6647
791005
792439
225749
58819
95810
430853
477914
613086
660488
153470
51326
359163
232130
393431
270647
447781
362985
581575
80280
25657
761427
992979
179351
139524
725573
933748
981481
420473
222239
56678
144201
860111
565237
416528
148504
37173
127423
449483
900831
62643
881702
59088
218672
303839
907006
268419
764970
889976
538067
470678
162202
596514
381596
478171
31806
462782
369293
423978
731942
350949
346632
999403
47540
677122
721395
968321
832322
571849
139685
791380
427874
355800
745657
113401
892160
521064
207429
529343
658468
852143
674085
273560
406484
735190
35056
739554
427543
919186
710669
960721
3732
341729
130334
242363
629848
236067
965657
873792
794550
499987
30968
428372
768520
66976
492999
621227
360084
569388
262426
128895
193418
300448
625377
588545
515306
350442
99604
216282
419907
412884
266440
375004
962390
557122
344356
463306
319769
441160
668141
231104
497047
823846
383676
813889
740853
433889
969426
809179
722575
844862
173442
663545
808640
800670
727756
821317
857729
346097
292042
110263
279848
811736
190019
491647
875282
874651
642590
347723
196316
662723
706033
711285
14155
810966
34102
624013
490956
637229
165918
338814
416405
218931
785792
113695
93737
765244
693738
45912
478267
239423
557336
831535
390250
869554
983427
80366
34667
417217
484752
667571
577605
813546
231913
753044
653813
340728
879849
822828
530353
222617
570545
905671
775561
871070
813016
470949
349674
183375
140351
37679
315069
380457
811522
697332
665708
161526
440778
443549
678661
412550
930303
85301
988727
615695
978267
833167
339064
657375
960986
15891
555337
694073
590029
927657
75089
672468
23246
830785
595622
20076
752974
794876
82091
932354
182090
149946
821331
611127
532444
349825
207876
474625
136366
359622
479510
185159
650697
129180
360954
787679
746059
997174
567992
86241
397367
966490
963536
705960
745767
470437
600386
130981
696220
585077
942634
452703
422262
391798
166979
383051
553471
637005
432652
728707
242977
891034
935879
578023
308280
577710
408158
946829
659138
682249
779105
453413
234739
107662
254762
75374
890534
941253
745634
846095
464621
676429
683356
235859
888137
892124
152414
982084
147253
677172
952449
325666
576797
603685
479470
399745
701804
4985
712
543548
7938
849407
780072
755545
756933
753335
297667
302075
804239
564503
142632
454846
692933
77368
457638
223539
304199
245472
601419
234360
691587
896684
278407
218162
529572
199706
573422
245161
828073
38577
586012
657089
374992
38093
78450
562961
699248
726603
188927
272546
221094
7053
900923
621702
340839
314026
251437
225490
411829
98037
16940
376441
10925
387240
22658
940550
983996
233518
601964
685237
343986
607626
267838
178863
24367
353383
386147
256161
167674
723260
825282
544248
984752
678747
715901
408763
706457
314199
500243
675716
406166
876752
607909
575836
352887
375645
667286
683378
865257
42260
156171
149944
65868
773368
936017
425947
902243
525888
722206
77020
802597
303872
602608