525741
205100
61343
81910
544093
533090
329216
725826
387219
814641
542890
747161
95753
326979
833251
11850
493628
627199
544227
323088
467
688396
835588
233304
176218
656420
833365
111985
149735
103952
333389
736911
784989
437190
629532
886012
814607
745435
307933
763164
339004
59430
527848
497627
116152
803123
640453
698741
348076
965857
69307
313121
80564
413081
909062
60187
335910
765227
428646
672717
126194
885190
983764
340505
351525
165972
308816
303365
554120
514288
569109
305540
103397
740997
341230
80413
102761
908484
581411
89018
60197
136833
26763
949712
729199
400299
821637
171749
528869
819750
98882
325379
319505
559175
458297
570103
200488
951915
470846
197254