51417
105709
666499
637130
825673
518688
833107
648673
754264
911598
213110
219164
453175
951214
51427
18339
756573
620480
118411
656301
853212
504098
192905
796260
571935
650594
946663
429798
199426
460590
947978
461221
956302
821959
82748
506990
91600
672340
541396
801927
980052
316115
810820
246640
942787
457706
161727
441100
769558
956892
345541
745242
35702
541591
33356
820379
810930
455018
812684
232728
57628
206355
206631
431164
174913
322422
674996
606940
244226
915882
788327
810776
29075
795310
671006
884185
375824
843577
401418
857402
155255
411631
670968
313859
599622
966127
460283
580240
358322
255881
602296
342608
351233
294541
784334
780457
674564
513471
58144
524793
114613
360870
79296
975416
570537
809731
428601
349817
49969
297631
491513
184655
597587
917310
391385
860428
164704
200239
924491
743589
796338
858693
14943
710961
448260
728672
372018
772688
952430
168356
809459
941736
86267
515212
967315
502347
238889
935959
791433
428661
893116
650784
882879
329713
813887
436427
900252
187226
670168
867099
771759
957247
647751
645665
789749
163168
367675
700496
99143
944341
465681
466667
800803
910414
454377
126047
165076
770293
584487
692013
887041
406704
518019
233151
395152
212226
83278
759900
624501
770065
571010
934199
954651
25922
866244
714402
970925
834176
47160
161824
799041
549660
566209
840215
113313
914894
87380
125092
33784
504538
928119
843017
336534
992974
658460
883522
24160
968360
52436
188597
447319
591316
560370
830407
90115
321298
395901
982219
254779
306934
124944
674389
633812
344201
387410
154605
432996
683277
583630
385567
903153
659998
704622
608815
535675
593332
277785
754922
790499
945861
691366
101336
482743
432967
854139
310926
186459
672659
959879
285344
29333
744421
199512
475763
180340
775936
399065
451952
545118
978415
214060
581588
349941
16486
422944
802788
532198
834310
255183
43646
625806
781375
428439
438603
238216
953296
1651
779281
683415
36842
303733
607269
332013
338866
988898
954109
555734
933285
528746
676452
825860
494103
876290
924550
758583
646228
402720
454379
437384
242343
195282
579777
430995
818169
468156
974609
259775
354384
160492
291796
710636
264185
249691
916447
212535
623745
516931
240889
807660
253533
173335
895693
701961
598569
802020
452923
422123
511821
192706
813768
172248
205756
684662
373878
41384
507990
288168
537775
165200
284206
962811
568155
659276
931237
107470
904209
784937
586613
199055
728745
893164
733450
456951
472112
369250
928714
824933
617269
794437
969142
863835
774848
297032
641192
802511
57890
912832
865916
737263
503208
28975
878603
780341
749865
422957
465683
477794
462847
815605
259186
922393
223698
569545
769489
928027
861007
250243
733534
369179
582200
864506
917041
435070
392918
789773
459152
627249
765833
812879
164046
541542
364416
769679
488782
260780
517635
984514
723557
961513
612973
463
526493
25399
538872
193847
16534
306585
776945
776032
970184
580121
758154
198332
786595
10367
559054
228314
152215
801071
777903
36681
292655
633568
380795
921892
999640
66677
505709
188479
891392
130618
523872
196397
896922
886204
238878
499819
392574
899588
921303
456300
345452
495794
984685
70209
726193
761011
416364
601253
215074
737631
800599
824162
458309
504177
402461
763364
513488
852964
238635
826648
357001
953894
597595
505345
589452
279739
211274
799831
69227
902961
659975
691867
429999
524156
41703
777980
658877
619053
900213
875167
752660
920339
363078
105743
836851
991726
287211
441153
428376
224972
103361
909378
872482
66243
580642
567359
450968
827210
519486
98865
608194
855348
294916
424419
267061
928329
197753
949537
437421
70850
569388
321599
789266
680289
914944
645507
694173
414123
494824
420336
947220
189827
490930
766320
202225
361829
804794
451612
321569
312443
566463
764267
665320
207455
704082
594166
184737
552238
217066
713188
969763
472389
12181
502199
412928
228315
622025
414833
461863
720059
691737
931684
112361
104668
6211
849237
546776
496286
455526
109196
648204
606947
408976
976763
742463
199752
124278
787529
906520
652351
854589
793849
925829
817547
961653
948220
6337
101270
634661
363471
346037
983026
598465
258258
492923
216362
749112
880615
517117
778181
322410
423875
480892
298327
62519
802644
23341
666435
786034
758159
414461
322640
711669
309589
251189
446375
665678
792513
862073
797030
733847
388369
629419
914533
912804
53678
142893
181699
696533
540825
335747
322347
256970
439092
429846
90921
375094
14507
322580
467874
142349
719741
274101
770933
292311
271979
589145
820781
868070
285179
400717
470880
998948
249001
251885
720103
828614
819435
662947
113657
188509
762719
490061
690598
79819
568468
841661
393454
309842
49522
536986
882044
80264
897671
32163
894146
158439
41518
731668
272946
979073
294430
707873
206165
173392
811276
116959
941772
728491
642814
951234
575458
64149
852206
325121
310666
97136
15255
936406
515385
960079
265311
791777
238882
79145
401568
592364
352075
965609
134036
495113
723017
987745
403677
288536
313628
600991
361839
964197
676073
955672
544795
606958
845968
189185
830712
441538
833449
615485
207984
163780
795552
358705
718884
990927
768362
966259
840317
696691
103587
663136
982160
402782
885894
14668
379373
976855
401224
507412
159749
98339
811217
727120
408693
506570
805848
345893
54579
549107
268506
680439
896020
618284
692342
85435
824951
644230
920424
553642
290642
966557
81632
247633
367895
850742
479998
57477
71554
259457
760045
721461
378690
651645
58009
191256
264065
65467
774926
965573
572690
609210
57838
133665
261302
673457
224399
570290
86347
582124
865903
355922
459154
467662
559572
73408
620955
440245
957828
409425
430415
41594
69790
708804
188442
735703
549012
561458
471475
704996
519366
674340
761033
14714
476987
926527
304459
446200
634494
260314
540308
914532
854867
320240
263346
769321
721749
520049
677522
244350
656749
303475
373833
474024
34801
110918
455809
675478
231446
910564
393342
357801
13844
263239
146444
574999
392661
399317
567239
258149
175000
97015
924039
361105
821353
408199
56998
109266
245493
635111
584622
495863
504268
196719
672804
771756
692472
629182
904939
936604
311988
622898
834839
342000
569739
308146
154447
309557
478479
202536
194718
312667
116530
111756
39766
439961
878212
386140
725473
118318
152777
330216
864933
954755
143542
796681
334995
864621
266696
897842
446157
298446
44354
278366
585330
691931
136577
893865
333703
824695
140093
634747
497347
819838
107102
11743
257335
929695
509304
951089
72600
3361
706021
421430
712746
729606
646078
662534
940811
268620
628277
571300
480538
753104
954322
37486
213506
341390
969480
438959
700774
368003
414772
687890
591147
951539
460145
818546
281692
673543
168154
483276
462974
871950
57181
223062
632114
516900
644664
162665
412160
723696
267668
80153
856646
35719
571066
647781
315900
828846
404470
75722
914338
465916
743879
90930
152201
113694
505599
562633
25211
238581
606653
585265
755849
580634
457349
632907
422511
974209