447590
819136
949589
641108
627419
145723
502777
844697
61578
401726
637780
406462
714141
543776
383173
131466
673930
36872
241022
105956
829389
49368
67223
239833
592967
374727
698286
861692
183411
475853
206392
540456
770753
362743
746409
643489
25233
787738
546812
651801
575117
32612
146783
709390
649123
201358
815231
337424
151262
590893
231723
438497
308128
759784
926119
13429
197886
81348
432848
599384
379192
452251
591590
784175
563731
896940
680315
272214
143573
720971
908471
58025
987485
760249
366982
332510
309468
396366
551006
56464
71668
77203
439216
342742
224171
902764
749738
877906
743435
781618
40743
576198
247898
155999
474548
998624
253041
95715
572352
631830
226428
266067
589663
335340
782733
604225
660027
165587
737053
406054
692440
789163
10847
637436
699777
277609
205186
223017
808532
137492
28036
468821
780583
473897
272814
461852
355286
822879
839920
131999
276715
166789
500761
770805
291560
486791
158322
128191
756723
395983
375608
791706
219870
450696
625589
368109
784275
915005
995962
401185
903321
82144
362299
500272
470597
137895
757575
262807
781951
173649
397410
453797
690992
125255
882049
216438
378181
673309
491297
892857
698595
163639
954692
895468
499047
510536
404425
141097
719000
63862
708839
422682
441964
594458
959173
345097
702067
135651
761913
757842
703268
655450
578908
19065
81219
960576
783367
529752
857899
50643
927788
286833
173437
589167
909202
289058
885221
141266
594990
524854
710470
402744
721563
915608
372162
364645
900087
319138
154151
238977
247641
300819
854393
981597
912690
534943
881816
281428
991871
989857
379406
601612
968488
764588
281015
15004
174392
458303
937229
732743
75706
326166
546831
213799
644268
94557
901518
226469
582435
892224
660692
630565
536443
650461
205425
853502
75192
508571
228579
255974
740030
53268
500321
992941
857321
494958
463812
292640
352906
537671
892179
800910
724287
199950
21481
859879
417518
157167
688197
454080
95901
531622
992878
550770
657777
846901
959681
530659
532034
498480
548313
211868
687639
12086
748249
362009
737155
900410
253464
962784
904475
313343
233770
876425
926802
814178
800583
812060
28532
31825
237083
957783
14715
503386
197674
152270
328721
907550
65565
375277
543331
628516
881516
461338
935070
266697
790954
193589
641418
155925
574696
30657
773055
563690
939463
853340
936391
730006
927262
903978
423890
218375
733827
760848
700496
275294
364666
762268
471087
731292
696440
342338
569457
687865
229010
452930
463656
817107
464391
479333
965329
480515
505190
405285
774987
413580
403038
55980
921586
222573
89824
136565
295133
692566
764274
342543
86448
877687
817875
967040
746014
854707
956679
771334
237310
657139
49854
115641
705417
368792
909861
65356
576814
937416
625672
162866
169874
895274
36002
478429
896999
300652
755587
225953
322472
903489
242844
425719
874030
414953
735978
424158
723954
220392
908541
894492
830944
173400
979428
562403
892756
337050
503607
831630
923379
125032
636609
408714
861673
490438
929928
774930
794554
732375
905209
636370
709639
802060
840757
467117
145568
469495
746546
660570
974016
509886
308879
712105
669737
552042
567993
985956
635613
138847
960947
543120
778678
180326
689029
348819
364259
42278
361155
743023
966143
786162
632632
937964
111439
995196
139568
173973
101912
623654
497759
598360
886811
939641
215729
133393
880110
682223
173999
815968
213177
193834
716490
369206
83145
869192
629128
156207
397204
1614
258312
204761
245066
428673
509043
649620