249767
368654
296098
720208
147275
841767
239355
642551
244323
895053
302206
112709
414264
216720
673050
951572
940724
42386
865241
433485
403486
732387
288754
659342
811458
713979
703996
945142
400876
865875
768508
385936
796882
311648
705631
875801
803089
271341
905923
671215
328528
156051
340719
568793
171201
601752
458020
33581
958406
108898
231307
810722
32816
607254
3149
736435
397922
792978
344897
747179
857748
427715
382080
744467
385011
606179
341717
536806
874002
441809
946766
372204
713872
690171
713485
835553
404437
842916
556489
544416
616141
535703
206980
126145
501172
542063
211543
372419
54409
293444
193147
475205
373810
976829
153204
343983
169900
294089
50715
577838
978732
957353
409798
309084
279319
80805
54166
657277
646875
575583
850268
944165
575336
597124
896360
599352
991439
703326
509680
45322
731829
89990
753178
925157
36019
239735
723559
486504
973774
19582
586491
307660
120718
296078
543565
170370
998077
945521
623207
24184
835389
247384
591834
665659
473158
77011
96898
216823
575164
112924
237745
944601
668969
677709
338107
929557
28188
144818
633886
985475
552093
909625
514507
395940
52747
992518
181653
364483
11349
94307
14389
172855
975441
282453
996728
919429
718204
948105
355910
435234
388623
321837
528271
363030
970874
130396
125395
605819
959551
331825
720398
975525
660782
160701
709567
336476
833465
976211
597780
90692
407475
414528
175604
989534
62698
108568
437480
562407
270173
784043
450663
256414
874395
716183
987132
844771
982331
669495
626710
707707
109682
119225
718508
594800
440276
755022
851595
699605
217962
927226
652221
686951
437164
25675
543064
610127
184539
545830
681440
960517
931965
931964
62553
27342
556342
204508
666926
26150
204608
450531
771703
568952
519367
475086
223467
300041
210340
456752
10658
202677
994419
25023
605892
13522
858067
910920
702868
273713
744889
729795
587987
806147
373553
55233
482962
634775
631539
849217
29848
834049
957726
769571
684395
654935
108435
138612
399551
491093
154993
238568
167288
78752
172136
636261
474718
901607
542972
257851
459484
426086
619608
768754
588725
468805
269708
591869
158020
548893
415333
242442
321773
718362
144552
940987
959398
718971
111403
19694
277724
990454
802895
240120
926275
296057
82909
526769
149757
990604
478972
119401
13350
364242
180493
582649
12602
39023
104099
517683
683300
941443
439842
826043
164772
562195
498803
111599
598043
984905
219937
461698
867254
315922
848787
222246
583989
912165
431910
12455
541271
277540
252262
136789
381860
908890
119018
279898
95894
748837
799817
541482
702821
103853
372860
439703
848238
142482
131090
262468
26111
130532
846922
716850
339457
840971
90512
487670
389186
409735
647447
85323
423135
407954
54735
451844
642059
134242
975171
813978
66046
372939
754643
604963
192572
292672
753737
780452
1984
399162
591577
147069
738757
133809
711802
735810
992690
199175
485083
395563
190048
748740
212932
445729
366601
326140
627146
844856
704142
766093
793070
210620
263204
973701
866259
331044
681053
5792
869787
253796
386191
705710
485405
482526
445283
919891
580228
718904
387580
125416
673159
728137
340097
138624
330432
640556
759945
52357
756780
610871
521122
29632
285438
525702
270206
823095
994912
325936
952443
300464
613191
474651
30605
301076
931761
848300
4618
1775
161470
883414
649042
443028
40808
200148
310489
755870
17377
42226
113683
786704
711688
916228
378363
518366
608519
308346
792831
955909
703435
331532
425163
280469