456784
858442
97509
322492
342065
952954
465617
332639
998391
556554
706603
316514
283216
244499
202560
392885
824406
575221
576426
747317
143152
416363
364018
530957
929864
932026
110303
556729
222116
232196
631135
923046
483683
665465
426769
652533
132630
73581
312237
262751
275513
381764
619153
518323
550349
625353
998440
336506
90963
678494
814585
904827
401447
948494
377482
92698
19702
142462
15278
149019
263709
853059
655346
746628
917215
755917
148512
326881
924227
300288
819118
599969
369928
690851
163079
551454
183814
743345
400563
147642
47267
472653
218597
274596
670894
4627
647585
468154
188955
171018
321288
784713
179803
456693
313793
871151
885784
280136
446086
173922
907850
147384
765832
649161
961657
321323
446528
243400
159119
896527
143572
874393
968985
815495
93857
248853
645530
450175
118699
14227
120012
920288
384478
346663
928756
291679
950592
101260
984672
218352
92662
863196
739904
232985
819504
815675
355167
459361
304369
656852
971580
680231
251198
995323
192329
173454
918051
129330
673599
307670
773916
728839
154780
98118
687719
705819
915515
920837
842020
337021
116622
268233
620645
111924
684281
994727
257496
376091
747086
540936
517902
808615
704033
997116
194151
775109
866120
936040
768220
112862
680753
555547
577961
942332
13472
345087
83029
211462
896387
466667
150367
744359
561587
21653
20167
950541
428553
170597
954998
42062
318619
943012
257291
268517
200658
202387
457474
103449
581929
308633
147843
527038
892996
562964
203077
123797
536043
761360
323869
448718
828129
26389
445607
926831
17509
41690
68239
11084
701636
557784
928381
928246
443545
363258
815579
510961
30243
446128
422724
853404
68161
74531
315466
384757
526348
804355
116196
962421
213905
738236
629106
5143
828329
122310
576303
775159
968375
647067
383218
521749
434750
536644
692513
247928
80669
506189
728946
597423
424744
830679
823135
304755
729507
804556
725926
90728
727197
530157
932730
629186
776999
287175
471433
602693
47408
223684
271851
416228
859774
596829
750180
357003
305611
970797
788310
994488
536570
457825
508678
611588
458228
765132
284680
472320
413859
968599
227850
852410
832203
299029
647995
215455
669248
542709
77334
173370
684616
500113
28559
388891
699853
515171
982296
212115
825919
708822
928016
670683
347396
334074
406537
909076
430045
389586
54580
113769
377430
592840
922796
988176
75113
949889
102555
900976
866801
860938
955277
365661
464710
417521
727055
370174
114937
216497
471363
898640
844781
560197
441539
683651
825296
748445
661040
185218
226741
490862
881110
93328
542736
171748
813373
710990
867853
500851
874255
782425
231821
124619
749921
445584
611453
212842
951776
128307
19861
188875
143513
182566
530026
840124
824164
271381
945905
808205
809838
324722
19025
291748
400994
294171
438435
707502
662068
874710
339209
324464
855114
496766
790824
513019
608198
595831
863555
694910
205300
960732
906485
75830
816653
808827
765451
937664
36262
996790
449532
191502
130168
487626
388421
797112
841612
148332
981093
69610
89987
875791
702514
962428
836671
439746
385047
576479
289650
289399
569195
375026
243009
522463
845038
316532
315924
101168
25954
969109
2493
322312
446916
654821
400130
107947
403430
144366
132681
68137
324330
285725
853599
706907
429981
53082
165732
197451
696301
324794
984855
283315
692168
472778
204474
975902
5523
169868
507233
682987
766724
258430
732189
784817
591517
6933
984255
546876
994566
700105
398155
880692
680709
348874
845051
362206
903196
931088
990316
285564
939199
424080
132842
883088
445680
702474
61395
80063
244793
511359
637866
257168
224901
164608
188282
218323
240028
160354
658148
207710
278906
906382
890312
392819
112906
890485
884940
427197
608644
437984
59660
938169
150880
570981
77406
310898
386805
245
764160
215717
991667
46675
562465
539587
604473
121567
359176
27988
761172
165648
724709
239928
248917
905857
591474
377288
879374
755362
722310
856732
554665
274127
49014
236966
147108
524413
271464
762748
7788
966353
57781
637363
34197
650827
759738
800678
935284
443231
562812
159062
349082
127012
483893
737708
443501
720357
519551
558681
651172
704086
179932
68446
135326
659617
85664
839080
370208
118429
738556
183827
467882
797216
323495
341007
572276
156651
332650
527968
86346
472004
724745
469951
886849
329633
379593
109342
434261
306432
603107
700425
865057
755731
88579
224296
666681
889433
668925
463521
43623
63432
49677
52954
691201
350886
828105
93340
884963
948856
119461
598547
67727
8721
699106
832945
798301
699275
16405
326643
646816
229716
162128
109692
464087
723424
464687
729437
435341
942844
307713
525302
381838
244867
139024
81461
121478
833065
515343
44029
452471
778420
468127
186979
3094
373451
465469
188114
178883
728359
951628
796174
291684
601830
605499
727125
610973
37374
895251
468258
419437
823502
617504
560907
237736
777552
635065
339402
842829
67499
852141
48472
372739
480678
539787
732213
260021
9398
721422
841221
653127
126712
259043
306708
466675
734202
217817
699834
50565
597235
551652
839514
5551
339347
69454
768708
510985
943029
997819
779834
971881
256114
118807
57296
363484
495503
726558
443692
930814
586838
547271
551277
576635
193538
351566
533097
787106
989011
999389
441102
732515
460994
123286
397802
861669
907535
747967
275333
190086
78774
589707
674092
736048
3391
270465
765385
248148
94965
729227
546349
856646
584750
884701
58352
95477
397705
673792
903792
318341
281655
791802
304181
115787
79535
831068
908597
806116
635653
211368
615091
671795
350421
232476
994177
437621
281433
176991
680487
223554
60251
651143
32092
485858
85060
22149
368305
870217
810066
71662
286413
101553
525608
907622
95635
380498
335039
648171
878816
897921
297146
361020
935344
616098
665176
83236
222496
71307
110211
81382
98510
160503
98757
202950
19356
308260
782938
541298
346964
788170
195040
581068
36965
236536
499883
914837
300876
125388
706805
862263
599054
908686
328306
60718
800481
660329
344322
963861
43307
311240
211200
305801
982050
6217
63287
603388
815378
738081
922293
655832
718397
307596
856119
828173
121820
753966
658883
670713
181956
554379
110101
263219
210404
663072
137713
470196
369003
570716
289751
140323
461510
733182
827157
659708
163847
317836
976822
460124
423009
376685
349208
11307
209103
208356
271451
946790
832277
12009
979318
216072
940383
214182
927843
123284
635781
146315
371835
906882
71088
802126
295132
424579
868566
791746
613382
840947
35233
963155
441157
281243
397422
789340
974217
459039
357936
72613
516049
525706
990133
333308
265862
147892
883009
122862
813412
802702
150294
414946
460371
872714
175637
77011
112724
242729
84798
98216
662422
662818
977748
854322
269353
646636
16540
276225
934282
225705
693955
172003
212444
556719
745823
231739
879416
335987
652942
514873
6427
245908
234363
503483
830334
347585
890495
307136
337795
156553
603555
904325
985803
535742
926916
365118
502052
395588
285007
993970
581856
573307
227180