787046
655619
767159
817844
228132
7839
206512
91047
533667
106627
866465
770802
995026
100714
312558
491282
399942
655549
991512
240181
975118
383134
963687
778139
506677
442017
322034
31509
166163
251674
675854
93744
306704
743633
327825
183211
478071
635090
168578
524707
537202
712993
219743
406608
149672
376011
375177
204008
797743
24024
944528
97
966064
442717
403543
829588
288662
320366
677924
602685
827506
755312
699398
716447
440367
602252
281763
135620
390509
312127
981789
42210
45756
6606
982817
763993
24566
266007
821452
971609
864889
354371
316857
875297
520895
203032
684715
534818
445020
688299
749268
645442
568276
606834
560512
145404
697559
521208
868833
501860
678170
959465
423351
374472
315987
745165
994972
32051
850193
583762
394153
829579
267509
506817
772681
42458
886993
984979
688216
768553
404699
482141
907319
278408
135565
524326
879087
956715
912861
7321
566526
79087
99028
15637
541699
519610
883918
613538
803139
654079
162893
593791
876630
427809
542457
780375
944113
129199
722936
689234
791824
734030
359846
423815
194688
659380
701105
950798
548742
435600
569236
54067
710384
163656
658798
505864
588598
664090
727166
712146
778827
994020
766462
2019
229894
354622
293401
372616
848872
739717
879881
5656
561993
538867
36625
368109
749860
608106
974036
369903
45947
547408
397009
743371
533352
927251
632124
278595
229890
816077
788921
460192
511144
769283
271479
738370
349165
444936
17127
402328
695904
214975
839832
596074
856950
739581
887985
295443
731543
964493
180554
736141
843970
632845
186535
575525
431325
996597
176977
151757
267293
892792
598547
368144
439758
638979
176206
731680
181695
592354
563514
138763
755406
918338
585337
508620
631883
858193
64665
266814
451980
293249
135911
801003
26317
994412
654506
582275
967745
494930
538819
965224
540729
291133
704863
937638
214896
172997
8854
59008
209329
414576
487331
793765
387877
951985
511616
49090
442749
638545
906270
573297
944696
3819
52478
200783
684881
886929
262319
618987
816969
156237
11492
222873
472524
526786
434993
168999
748226
427440
207650
472807
259637
455446
772088
422379
752026
686193
351873
334799
332030
758371
79763
364080
872014
300399
603684
276795
903107
686689
735241
54432
799528
999371
906122
26404
726729
389289
687902
392406
441722
737382
317000
884249
969217
789367
994765
800
188065
366566
726800
854521
831364
993641
819788
272832
285252
416432
658606
206324
425750
464702
468237
894374
372499
9519
793095
180493
961252
485720
635257
190327
819978
893963
117658
708058
869896
646009
477044
612809
730797
468722
961985
776322
829761
93385
300062
784228
175628
391763
690670
898685
691646
934798
148942
662530
309886
346845
850160
589720
309586
496561
653206
61838
693351
891652
974893
647150
963582
371967
295684
715433
363507
614588
758439
614319
140459
335717
106588
468000
459610
3451
471481
267420
324143
609587
267296
904630
674588
693307
738329
728712
373573
271130
899850
694560
626436
445365
22549
822424
821911
412717
763022
611204
270823
850598
131032
225092
318901
114467
907355
953144
271331
722893
438755
522323
500893
847635
358680
31625
143906
577578
910934
534882
462131
86133
705385
978480
649942
823041
859430
407773
501575
795047
282984
385182
479548
807637
938406
712068
793812
207014
511278
769649
107675
826604
283968
99239
395772
304720
617353
982204
44868
223697
221563
792618
341007
743784
673349
274563
696145
349964
787252
544833
624707
433553
742630
244795
400359
870060