252056
936115
947987
747206
82133
675604
116306
462712
34908
69729
600560
463360
572330
975619
682158
863579
455173
55989
153266
778158
867265
879963
842525
740659
953567
127484
715832
747838
197904
621470
213260
569579
383703
183677
688976
281830
375436
937575
835645
513623
854140
259703
897406
142440
859630
174572
211075
428916
639169
781797
648885
351629
861489
290299
750788
434922
839224
152443
386139
372332
151633
700990
12981
30731
241303
841191
218697
226401
125708
689593
351777
905235
134967
643986
156361
676888
690916
637704
187298
373415
372303
658847
599062
841921
82843
778340
360870
2392
421245
330216
756831
135003
668342
931036
24299
266463
72189
109958
159619
183339