729938
883528
301926
296679
253197
400209
65030
747748
860762
947233
948280
619635
977865
417887
735371
831126
448580
754355
312612
529242
331949
440474
248807
371121
118546
570393
950144
955326
681743
496653
941451
244592
680641
21729
523878
406405
754722
59098
949712
623408
882182
671436
829694
942998
739505
632816
953658
52401
790227
936269
82552
972183
269153
652050
554423
657749
886160
188550
851408
122613
969584
795862
54623
208736
717988
131341
764427
805020
545850
831267
467699
46837
998251
100460
814774
425082
246960
814833
675679
134175
214398
657116
407020
357376
315105
445388
993209
298757
302321
239241
659790
626848
726962
326033
476354
918899
652238
338577
489738
90959
388583
105839
653922
950232
484892
390724
404182
324
957850
694503
230573
676034
599708
704100
253299
589239
607168
231628
676898
986019
426311
51366
909164
136994
689257
383875
36200
170831
323539
772528
25622
928707
463486
314756
630736
570747
801005
492632
63504
653208
779075
206294
758680
591487
439678
236202
299202
166944
633044
514262
336420
296340
754664
530978
591839
660832
35113
316016
450885
819671
655432
167854
41316
519835
969748
244644
192947
156804
975731
207021
243992
421913
593791
727746
205524
514042
300858
465202
745932
376865
876144
648110
492917
162621
519912
415680
338842
778622
210886
455708
218381
73967
727552
772175
417768
952316
509499
482132
742078
482965
126785
818245
743076
232043
527905
403887
129749
414616
171044
159486
33542
397723
246951
602647
652679
835200
252954
369029
392659
675870
620243
786762
615092
388282
158416
234583
536597
496970
776199
996056
566438
366163
662380
274662
786726
145651
436287
396832
132240
819259
602958
385428
364324
609332
558542
118678
333264
421123
540178
649843
885307
815143
633318
214272
87023
245278
572811
118987
502624
429351
27278
820403
143389
957795
967047
527508
164178
374933
415915
318746
1079
976584
649935
326263
383513
846736
788090
385711
950019
750056
625957
974352
614537
21435
10065
627968
554736
889214
346565
627502
721661
537146
730019
677931
401881
455399
836454
802705
470045
292980
349435
524577
608512
723620
597048
665579
249690
243474
735357
661734
82836
596117
111782
698527
805231
559422
930602
827086
334317
79742
854163
432325
59040
800165
57114
482498
687053
786437
428830
998371
464187
143797
312129
104505
909278
850417
33311
917493
509659
536607
147052
864638
766840
513772
566185
931621
401634
173333
217731
499504
553881
182658
640904
488723
575420
304908
169926
553149
939820
548128
867266
597005
538976
749371
9298
768869
109189
581333
137560
223319
650447
575322
238171
655101
868961
513299
682243
68005
730325
151396
35633
964264
316904
764590
999801
734492
621317
168212
736957
321375
643948
919387
522151
736084
657151
465067
109762
334698
713065
653170
887158
709399
70252
676840
417566
942053
168325
513837
829511
413731
177661
352910
166280
870268
197583
720870
22073
574308
410801
891681
690961
782830
569857
992348
780960
727930
691405
66664
609765
653772
63039
830126
996749
729657
210147
734956
770249
879611
104279
537885
833418
486115
434190
710839
958236
821869
999360
194766
986972
381359
790386
78038
352087
344108
736861
297989
498177
221637
456574
467479
576655
789455
174457
244523
616305
865536
72043
175883
580399
835650
450251
134345
338399
506154
524603
697028
755073
862530
459953
578954
290615
234818
363196
578264
240612
930334
139446
594748
128799
363321
241669
269019
922964
373431
709325
43535
471799
32688
995510
150376