65914
851678
24258
649248
394799
470407
87381
930051
690354
871661
749263
880617
993749
864055
963993
830398
808934
375017
718278
477745
148881
409306
326853
770751
62116
669068
152560
721947
588907
513197
414913
808439
302202
759913
275811
227634
973577
104810
40358
594718
17273
705069
490061
699692
413301
902082
966594
402103
304244
783200
968810
847081
282
751650
684946
839822
819518
734690
64904
461939
211783
304497
526215
295994
707503
571760
535562
588030
683497
963022
472833
537501
950303
813982
725985
57958
409684
961427
553558
408352
87465
305947
159380
907253
860091
817238
782027
287674
598761
899506
566841
457564
21939
399781
771545
981672
759678
378181
783865
691446