751948
919307
747444
291976
717897
776293
834879
618936
384036
541450
337727
950688
45835
339265
608556
365797
903851
416039
791894
468394
835659
251332
797074
261550
757510
348090
610046
855635
113187
456983
911410
563321
871250
841929
291332
402697
651717
8817
295992
633230
764201
245520
646595
810749
889984
552414
397050
904469
851357
443513
323356
876705
507
906555
809080
975067
190009
982180
959356
724203
904502
63286
534044
830413
182213
341408
332187
298000
172877
31314
60665
294330
800768
710255
647033
299465
204662
663521
452238
898900
679333
90566
624738
483792
542079
716103
85506
813935
256488
419082
278697
986531
336403
982845
905383
468481
247352
332051
161901
533184
717620
247308
337976
442208
340988
97580
373144
412263
496575
504461
900444
940486
187352
770896
727132
48603
416173
812079
948707
6544
581607
393838
184246
476640
448846
463088
912965
378106
458752
716326
287533
779646
520973
427426
970600
22116
989490
247370
882898
133052
47537
410855
452952
421712
633097
709789
299007
240997
97175
175925
196239
441440
802377
167510
482650
683142
346874
753555
355052
963484
900207
571742
133904
857837
870765
911193
457469
224810
702197
408013
446492
91435
366046
633844
586743
144212
925965
879728
862911
357395
935059
16223
149242
500997
98530
224198
802055
81400
163949
918314
755535
40651
664028
721597
147914
407538
130409
406966
950443
252886
659354
498873
830058
488921
617627
726966
785323
315447
277047
674446
62800
28296
53939
204207
389144
39266
3719
919936
254834
474779
685626
683704
913634
874411
429721
13193
660879
133488
304979
720506
581286
560076
995956
482963
449263
905129
939260
937393
58218
675805
949211
259449
331365
855720
344716
600041
401245
638298
330571
563658
906510
217618
917556
873922
348442
347425
111802
78022
668946
786444
55936
245228
991587
396528
811287
591646
814495
176768
150805
990507
389735
596074
332750
595575
477171
624281
548338
109779
455678
426899
278467
122983
727312
349186
248433
430988
216617
807055
605971
152246
953287
7018
128324
86734
898645
114470
421400
110494
296880
869186
317818
460582
48150
625475
702883
589964
933421
827708
400441
443759
427950
726896
302338
205468
898988
674766
73603
571609
804805
462618
120761
993631
536612
552109
808371
727014
576879
328915
570570
697048
22356
820690
325823
920359
209707
173578
786479
148986
730312
965240
448373
958530
726049
392660
517020
984812
604246
725019
948223
430319
44257
558503
222016
891460
479451
933177
277217
643062
858855
485913
722178
96207
315520
566868
691511
807538
704667
126436
945221
547911
710776
473582
733370
683856
353355
232869
928038
788059
622401
146124
299193
970320
469361
548632
397434
60330
78176
240883
962338
563266
921009
89629
890323
485639
689767
33901
418104
37450
267480
982134
266106
415094
953457
396037
890395
47709
881888
289030
165235
471149
989410
99014
601221
315201
649321
530450
817598
355860
337385
61439
399561
161872
719807
918723
583569
735173
740030
79169
636692
652789
490776
535010
235680
32907
439078
432478
465966
171884
208532
196251
657304
644774
365996
893164
660727
733894
292669
647546
584349
341574
360359
579328
863852
325794
630854
32368
158609
649035
778041
719091
226337
30197
28750
530254
288910
56971
891340
530272
169989
349251
705244
335367
145640
786699
51924
760291
782115
275426
145057
398962
273773
997828
13905
542811
674205
924925
352891
954886
449574
252895
370187
335080
252849
411343
693678
867164
425429
781049
926614
856045
861942
706084
472362
616368
188151
237087
224718
313550
656349
409755
76234
302688
933825
10835
543961
193779
881777
154789
785809
944363
127397
96453
938026
403203
902681
990855
867244
772786
347596
754841
378169
824745
503763
562387
731188
471417
100506
47591
177357
695698
1080
285683
25707
367718
311150
56565
465588
994989
337789
866334
918844
341761
563745
470015
875847
849129
202797
975904
968508
589618
436996
332976
798377
124025
781681
232022
221549
93638
821924
778854
427590
380051
53898
92975
39480
149226
81607
730161
305622
158124
340883
402668
176432
422253
228782
218387
312665
861373
752001
522783
589523
402882
448979
707713
815321
181441
211108
331503
705929
369147
153002
988256
309869
78644
268069
590610
361701
997839
309985
986568
201458
616405
213320
586450
28961
425172
626209
468740
227730
297124
205545
775944
720292
896325
980236
872848
536574
110628
492224
332387
478589
440380
950783
862297
406197
466713
730591
477602
323046
342968
946127
63168
417917
347083
194992
599765
290115
602520
311181
890390
341286
644481
803897
202271
641378
982174
7236
424161
872780
198406
217817
138678
981243
544429
343031
441109
910547
399911
44362
740641
512943
202955
484838
691612
73067
491315
593311
916537
130059
380703
27271
32078
228043
995513
687493
125928
873155
725043
557454
970937
424759
256396
413571
104044
587257
548082
703527
438553
381243
13250
736443
680788
781237
827371
211256
562720
847535
340272
21993
356353
742508
959052
213730
929519
820339
59375
739296
460326
439866
974567
575359
802267
192306
128026
946962
714313
714410
176111
679266
752552
8672
698317
130438
884287
713003
918971
93660
662353
517246
798503
444769
576371
825753
766850
246259
535741
683090
735304
598880
607967
994108
291997
19306
131723
460977
961939
186841
4112
786049
838153
593149
571015
656503
609389
843071
519590
776196
569569
163619
376689
724363
955
471517
102865
488648
193639
695244
839933
416798
823784
335127
269972
321531
650939
414819
211277
928810
255260
113390
638790
520821
377762
833163
553528
418228
498757
744890
447692
360694
259200
772515
952135
767883
989009
615919
448032
683117
596254
957764
710962
159369
35953
323163
161868
287725
882980
279039
343718
43727
16088
646052
985199
939959
805599
35297
223105
979914
433786
414347
691382
261237
52860
204592
208276
599730
56525
616237
668323
61626
742666
266796
560224
19783
337418
132734
802570
583556
864764
616017
927833
97236
761260
389134
560334
899388
373028
383761
400998
80046
653871
670470
234152
895155
442297
519197
605470
775092
187602
684905
589792
714020
48913
976090
180107
545166
655701
202581
660561
945398
31719
995757
853034
12463
215099
144449
468841
208569
727957
155890
786153
128404
531145
631614
727078
218725
254555
11198
114536
157316
33540
592312
860505
460128
540246
476962
434488
897679
660471
558964
373286
657462
633225
377064
377694
888466
712618
357969
571202
208736
927447
318933
257616
987439
703787
205641
878195
443712
270981
286120
375670
577047
628680
457390
735379
407265
317949
234135
26730
352257
136339
254767
323725
496313
699974
226710
422328
206193
950876
784466
771614
134119
499852
502353
576286
429044
509306
720633
397012
517943
429341
888046
692172
278624
547330
176160
753490
710683
684969
839053
217829
955094
395725
885466
806538
22897
301826
800650
797436
339777
732214
504408
552897
285377
298329
440247
973143
753815
394201
954340
105165
824318
769094
673060
346095
124500
315925
655199
16986
984450
679104