896673
872463
105072
337423
830442
164970
246193
307305
389051
221474
487594
618542
27667
369488
757406
599746
665657
770101
837211
401603
229426
155172
4812
381964
227612
474589
352283
63379
696362
198842
307393
239538
984253
946114
41195
252803
455707
651548
32458
32484
113870
212381
903800
913305
678044
559874
197698
842513
255902
296121
686550
417537
409663
688602
247754
829549
327635
555443
342406
887301
889233
424320
297168
588396
962543
394106
352626
948947
668312
846534
337610
713860
860429
656334
612014
37307
471125
864493
41529
186990
328482
214852
428791
530926
161282
968426
249129
173926
928766
773760
317365
536319
627923
278305
477677
790886
676170
156153
353658
424805
611446
820077
51621
261806
995530
495288
114561
465271
204820
481878
43961
333054
544282
214104
14130
723374
618767
240280
21852
289370
867250
208071
676762
851750
701700
594466
920651
600069
738340
748291
27381
862364
57544
253652
185998
212870
796570
624414
495206
254961
249901
747199
204724
484197
773274
373498
480955
177765
80379
984681
527704
192110
612100
687117
712043
15708
924537
700422
354144
368812
423759
411294
79577
939292
566051
259903
386617
590191
63121
403269
895760
593164
54003
528494
930334
348550
616246
598190
401222
521015
366554
518303
802385
903557
463302
222294
272347
855942
412037
878545
120158
627648
283873
167052
501913
175625
383258
102707
364636
786765
693507
346865
711987
98606
630394
605734
480876
278086
676354
733368
542535
775560
700095
817345
385914
534340
487821
654438
987870
909321
590140
582407
163961
704420
611756
655570
575592
121735
382018
141042
118121
605829
124804
327141
439939
114170
2263
709164
613714
255112
394642
977435
586867
990332
653758
468304
414664
585678
837100
485696
145384
567559
350387
183405
345958
709309
14853
879924
351613
900474
710830
640386
522709
487611
286888
823527
241588
723348
409757
827907
289860
762225
249850
8668
65980
358455
939755
389906
600494
20616
482233
343978
990445
563365
289790
825862
654425
398127
517249
215477
349449
172358
417394
840615
262035
631570
99779
585785
742650
76128
309024
726895
217525
786980
646093
697983
804440
850909
848411
67978
642594
3542
101703
534374
747170
538824
875247
8534
937030
48157
89906
327067
405313
3983
396003
989539
643544
501231
739752
509472
869834
151682
683061
799476
687258
742726
557281
764104
128378
336914
528738
757692
689942
925915
452202
353977
548346
405138
463645
692834
435104
212267
357613
350440
418714
94073
694932
887676
721368
708149
95917
890976
632855
150622
209968
546583
727910
687674
728584
433083
98198
736634
369107
551597
752830
198395
571893
493670
599464
817321
795545
39340
771292
322046
668485
79777
248582
386408
696729
111222
788230
631305
446500
797052
880469
3928
612195
456987
972431
165797
52887
458459
474337
660601
801602
447712
99599
649307
688766
105203
285794
440239
409977
383610
354413
881786
274768
706890
409595
589441
142151
680851
207127
513742
260195
879354
837752
864276
412260
448708
426246
156650
569699
211181
674253
146867
173763
767065
569725
787615
92247
536994
382555
329610
532816
94992
721353
864322
39713
279078
565228
631846
92401
376025
612031
941801
446140
368860
329972
714038
451207
227862
363714
483502
606334
711925
11536
303116
494956
87644
421180
704938
775317
218872
855304
587997
755443
387312
198049
730426
124940
643259
624782
828540
636908
109579
415666
539966
467332
868135
205949
119202
231775
790422
708917
748628
156029
602359
926236
13801