820006
735120
884240
202471
317570
682197
229513
324078
410962
39826
669221
220477
124916
953222
984503
250187
41751
571820
204929
673250
866367
700237
240777
945027
506917
110719
553541
760886
796475
103037
763635
16115
379149
547428
956037
781670
727875
975048
595578
932835
590339
526961
179976
422
929779
597301
925941
301509
222556
557363
187781
852596
131946
415913
440654
959669
895120
619187
116583
857690
343432
966497
744127
654584
408568
406579
54410
800106
136432
383476
743061
124223
574544
22000
521211
194241
523847
89810
281712
991075
813046
837535
973434
712774
532082
796745
924864
592424
293545
204657
4859
742441
263196
883836
212937
947451
975754
138640
740576
299110