878933
808504
452247
401900
748847
748023
467767
913144
995538
398921
957660
895578
43343
10287
699944
670464
875314
407241
399089
280446
968670
340785
177773
997427
848582
679013
460985
459658
416325
133276
86278
801628
90907
751033
417696
374835
166725
120157
697052
372330
328376
81687
85598
936048
635385
348022
622341
532779
502876
18432
629939
11576
22359
662651
734844
910033
946242
826088
867946
198472
539949
431183
414763
233392
75806
449142
73752
370202
268133
379371
386402
956477
452958
745665
78491
524719
148035
250583
534686
861712
16875
831699
555293
436358
815779
230318
882949
492834
739623
25001
454992
839969
28606
675550
217766
584335
491695
35633
223601
749895
610723
666277
154876
90581
207705
922443
691974
675132
900287
983573
182633
863699
681012
357960
350818
449737
419864
753168
874556
390026
221708
833517
264990
483066
537163
800780
362413
982559
328740
834224
403423
478747
170323
912207
770782
983574
834491
745593
146708
873018
332611
575859
404121
289496
632266
803746
407351
355688
720264
201507
73942
201197
434818
507639
751625
474999
317929
235932
750323
745538
393104
621111
950615
988540
355913
183468
371068
682852
85467
602320
539065
827470
303393
765814
981474
59395
92994
283750
953679
776197
801224
143532
242757
624303
910623
272908
189572
650683
941933
970195
131757
53342
261000
354760
907469
632846
776152
28226
768330
93987
722571
943507
75240
764763
543150
294434
823801
903544
956783
758039
483807
538372
435564
766511
529407
114613
242935
690415
779012
567403
630633
345588
284493
573269
222687
272361
796469
409140
244566
542035
619964
747064
791839
608455
125334
941254
426558
378363
672464
439067
489893
854009
90267
699722
684232
676847
642423
30369
953373
310308
22781
247722
547442
743877
972233
39373
533098
741917
943618
239059
150741
436004
848455
240773
839467
308014
617207
117171
222373
13444
718621
654736
569977
700432
922039
486138
249136
318961
15073
778072
555237
321903
699747
303261
412252
876808
267731
299753
652412
677225
26216
999566
972074
209144
309341
622447
33476
426190
413822
282181
373751
72642
613011
54459
974974
326113
64870
400761
837432
787513
284785
26239
459300
171156
307049
762919
428603
225282
237217
835085
989481
159440
234077
112266
184234
454165
677620
223835
449150
209066
801440
923616
707400
136377
518630
306433
274697
907118
611612
245547
344499
643979
698396
435128
979693
76632
935044
569389
533858
598199
760614
195868
889926
523414
138835
563498
861223
718397
98175
818347
5355
755847
92113
833897
993260
633581
39306
551108
707181
709438
56847
411827
982967
93867
348564
258728
181716
414718
94759
845522
543783
389291
876567
812796
774246
781439
176703
188243
59702
949109
152754
103237
499233
684647
853380
173188
210998
264226
576691
665769
108670
847506
45041
370998
197718
848156
368719
691636
927854
781323
174279
959803
5661
986337
361382
20176
971550
929999
872020
548328
507371
75713
74626
797579
742708
829328
605102
5844
938108
732571
726678
286037
475537
156400
246775
630423
690470
181859
410112
506430
183950
595777
586008
681803
109335
845663
87497
125436
703297
626635
59783
139854
526554
660004
567201
836258
313719
996614
372419
543038
542928
598365
489765
169514
998073
559771
686612
791354
615865
193156
626459
403244
72649
577446
222734
783911
77867
104551
263026
855204
828067
782518
561548
31400
778198
552484
131973
212463
409278
336011
542326
891877
48328
700396
69910
414477
693515
322519
748093
72069
821732
841411
842580
166176
88882
280894
604572
53171
361387
87870
483543
429228
605529
394325
631382
929563
175669
361987
935008
497941
927710
188261
543676
510701
669494
18124
905564
406243
510938
930025
564966
514777
391675
669411
845087
48256
160734
856587
203894
396562
663404
189095
17771
781944
319542
971691
953306
675275
200714
767878
19240
913655
456490
513879
994313
236284
669551
138368
420011
265742
166202
950227
24130
526941
166418
722730
373425
995951
421407
484627
75602
421800
770306
612839
552674
608107
436815
73148
23244
134747
421928
547440
800592
209019
103735
931046
57168
337331
274823
709133
971191
411316
801600
776988
834694
237170
600189
669658
69437
971408
663052
550361
116322
882650
729665
171651
623408
941611
42935
953996
337183
37551
219172
223815
262732
928003
686232
817237
747142
401529
391570
916727
390005
655415
859199
36165
77926
571071
79504
249080
774454
761417
632502
427617
727067
246924
962557
813500
19018
689180
879362
937119
643720
242029
488467
716557
402961
65589
891937
823976
28702
954544
62244
564482
881623
930877
491468
323924
757909
756133
511583
271751
752210
367740
394420
971120
392240
128993
979402
138137
742179
17376
108741
699514
486459
300662
807559
194503
56593
176500
119143
200611
315214
657852
43345
43954
966227
519400
923962
640460
578376
481163
989629
14925
226564
753359
732567
230985
825622
844989
193340
356701
108206
792604
230228
477984
778091
198064
745493
349497
743554
292515
839166
465802
726280
140418
90093
522186
200988
491358
2461
90545
942259
419347
662336
621324
910465
333605
905909
294640
98113
283462
918886
560331
947169
972532
723137
543382
147981
225407
534737
486886
24279
743016
766520
691810
877632
860133
107979
923343
72294
516994
692170
763143
340937
536673
712954
989577
202555
725090
508257
899881
136228
898717
141086
915688
683631
854284
742498
659422
288725
994758
403663
520532
943236
914918
389099
979886
232811
697226
782209
708165
571109
954359
663252
590419
482559
214938
477185
87240
603944
206826
813552
109945
816820
601385
862390
914744
199373
372168
673739
875454
723382
204330
886051
588357
269181
366785
854891
770483
118205
479317
623073
931440
938573
341347
475600
26072
679241
643746
219687
689868
606394
602656
995765
308771
399845
157195
474756
257150
639149
284876
739279
591226
440869
994574
78368
964862
51958
784221
767755
926323
332586
852905
521920
515539
741907
713513
202769
997403
587802
994396
82113
738906
833383
196010
997957
741932
106410
613802
258522
335936
868613
346813
751682
217236
468374
22487
553948
652675
845220
420254
307039
232052
354597
21098
755763
965492
375273
613421
785964
643998
143975
411820
657059
27511
332450
680427
308659
410454
2168
104999
939213
617408
358919
917949
213049
459922
828284
675816
675882
81751
212985
344295
190843
503226
46626
729661
437068
71189
87173
89298
696372
617575
431908
337463
700833
858020
826080
44295
674835
961255
509635
232041
371121
362755
887017
557809
397447
202423
464844
521830
566813
905855
98347
659742
126645
824455
152855
831878
928544
280059
400090
966974
909309
913721
132676
519393
955791
289000
277395
622178
434746
930466
742206
920466
246106
211149
950046
476222
746880
526535
522618
797876
862986
743167
730733
981094
942046
717025
228278
970920
703107
475113
958556
333140
252124
199385
973500
935117
242305
190406
61552
949536
271035
81484
434398
690502
929180
817121
158938
66310
864761
395655
529273
234615
321414
857563
493427
461475