955385
941750
864549
405115
972791
536148
901125
880725
465102
81927
731667
822430
163293
614524
667822
271750
7242
930141
314706
630370
288092
448682
293960
786252
544822
411170
10795
12328
670577
574683
123030
609345
234324
195121
826479
130193
502834
240475
356171
491167
276193
379033
628989
683267
667986
194121
878782
431429
593938
267738
134266
326820
328220
44183
62453
994162
586968
298853
34008
139036
948212
480968
140572
541768
57950
583455
927698
589591
385371
988144
168844
283018
727751
437790
8683
201408
786858
385527
547655
306845
120498
918890
162036
295431
214547
102358
464247
542026
577016
865149
212741
833756
756516
747799
16436
492538
70890
823939
216385
345009
709445
263128
540093
613624
434965
143578
563092
697146
335479
498184
511355
553394
218239
710739
518710
240496
807764
761193
534531
165240
36713
796526
994150
984073
613844
615308
893266
64763
73740
987169
265329
662146
172804
458519
760208
948687
248478
349330
566634
967893
231118
405122
800847
55145
549772
867095
340977
5890
759221
474900
570443
305312
657471
422909
397551
485770
550295
601770
875114
670831
629209
470526
841621
430190
59691
307569
81979
144177
6263
870216
121634
214900
82050
21351
893560
443108
247470
907837
917148
583458
92552
674333
210693
262502
358735
954221
523923
923648
676930
749239
414896
528122
91940
644573
45219
465626
891024
954217
504177
839748
657522
619522
239600
462716
495721
850299
569769
160456
228280
92230
875113
853363
746851
323334
747364
592494
334572
114562
680583
66962
540970
4341
398745
974465
771138
724994
945612
386218
37829
718148
370726
196010
892902
340100
957639
180496
43798
569028
729238
339769
832382
475064
575820
837850
888600
687700
58909
423516
313963
308288
954046
731938
976097
927017
643287
950182
353350
801201
589255
869313
654239
852166
782094
743305
146725
26064
290332
559572
175005
295940
713715
129115
370901
506710
879227
654267
28540
287499
324386
853972
129438
281836
365357
360788
156988
18070
998624
996110
137924
508719
668614
545732
893874
804787
338718
476228
40131
391020
118626
607341
752145
380928
106037
281107
513808
180580
344680
432440
776483
872687
326184
532155
564828
284745
55368
386061
377871
792898
955431
640221
885457
505407
914814
179862
994834
599055
696648
608702
778004
59227
12302
603071
504199
845308
649550
903363
456067
240871
123911
578488
688481
451267
50340
283763
609463
759131
503427
56752
290030
604847
439520
980088
27969
9701
217315
1691
197139
10909
357122
25757
437741
737890
407700
82605
69908
344188
29684
661264
734659
454050
935630
774045
595338
209932
908041
143521
893379
946599
325073
239074
510508
665698
855807
72193
41126
560934
565288
874105
979721
765666
980927
75716
662754
628740
719015
250396
505482
262275
743130
920095
496804
940633
569199
99915
892658
585358
672971
277993
496276
572656
521383
907911
689759
717663
574457
33437
563734
521540
487106
161169
129864
919586
805875
797462
411333
435205
935677
626095
416510
430230
959988
143250
517176
603408
117086
149863
148717
907853
621598
181680
519231
997626
823672
547522
852378
549674
150080
465841
810085
703238
991396
268170
197604
37537
490962
618937
979437
510761
506119
347403
423172
392697
891766
393358
313494
66892
220049
399637
386446
934029
356598
633496
997464
863306
104313
661176
811248
132486
695690
142495
696870
186029
6211
497094
717168
196002
743505
556112
980715
472052
223996
740180
929520
198768
119636
958648
298511
131472
844858
566136
650539
468177
833224
671814
575858
722466
235742
869900
723958
499960
277130
853197
648493
875647
672595
541161
231618
76522
823906
785087
411157
763883
15246
413996
62550
489407
75714
114930
128505
484065
369101
90997
666902
68894
585158
133663
558241
745864
15578
407586
402497
830916
109428
191197
247759
606655
783431
360216
862508
302717
231018
860287
976401
47730
624954
980746
911081
772021
110946
669928
178177
67712
875951
787237
746296
538854
277893
137657
797632
768866
368736
118051
793518
191868
434229
48607
663857
76692
80694
388419
220575
486991
46517
454140
48747
937947
745696
417823
891763
329632
576746
515374
501302
775748
815563
124074
613667
288987
37917
65807
104524
238442
287143
642737
57529
195926
784887
652465
751257
543150
858216
933916
667604
264914
106884
977504
970172
665854
2690
14187
775841
239159
417072
634082
62659
665488
327020
905530
209570
700761
711244
19831
424370
185125
950878
433599
585451
504503
385161
561114
313916
686601
764754
847241
21727
388344
911163
597119
204104
554063
222597
850880
190583
421422
415191
251605
235565
101654
193655
20521
225339
522388
925748
826500
644853
504968
97254
955425
993414
726034
977741
162349
405469
798552
573015
959519
755397
239029
918270
378606
511571
536897
460365
869364
418680
954041
936194
602397
500022
545547
78479
300043
353968
4289
977339
481866
946905
860103
278694
596779
370831
588826
505001
655679
908544
152719
630811
679858
302154
198718
903409
338945
791905
977481
87357
944729
518697
114572
308055
558734
878308
766243
743897
923508
93445
815890
928003
962910
431139
793941
739391
372017
555337
179461
805696
430947
268138
795748
116292
922901
944754
722501
716856
390795
544823
741979
695802
328388
771726
220380
269433
230650
401595
773649
326968
175608
122432
67261
591602
318291
727126
7143
750296
52998
350138
561414
216630
1454
577886
61513
383155
806878
433984
551424
481271
142496
480600
887274
77735
358665
523115
137884
709707
180600
767677
771210
124625
811883
212131
628341
829099
165565
680182
536177
602067
668544
778404
319506
304750
906355
179296
394226
621326
831264
243514
766562
289490
786133
300681
474987
987560
762876
350404
72191
279539
805337
866224
895873
147015
644000
612404
454894
117073
820337
439240
92646
154452
531697
665612
968219
987854
553094
64821
862421
222073
694126
522722
211295
275437
226813
881100
129746
913699
38001
11868
156923
457172
332531
495127
265132
148095
348205
72180
924636
40138
380930
105871
821563
749312
922159
389750
736791
302073
192636
473759
301860
974935
654494
71100
238699
283628
267308
469735
207442
699257
841084
852088
742660
550674
370138
624246
909436
907997
9828
236010
16563
23929
543109
300751
704036
941691
910988
443109
152760
74323
122152
579429
861908
223821
50754
625102
81851
231923
197431
573790
125984
655441
778353
955420
485580
828881
103201
170386
77096
378180
792858
223961
402344
442945
272205
905740
444308
12776
389533
482078
198516
659776
733086
918216
82712
149246
749615
650202
974401
785447
275249
828403
404143
40332
432995
207436
683784
915316
690588
385070
326434
274584
927332
169412
675245
550728
623535
559883
354048
235499
175222
384741
168190
198755
172211
73421
408549
362575
849210
27174
985267
109290
678447
719020
248437
481361
177192
71563
315693
761761
596576
753550
539487
919103
854484
227632
811256
654065
649149
880079
851804
987433
321579
796478
966731
840546
331707
388409
199278
659107
410869
14644
865220
317921
314820