221946
744917
708871
652829
681049
644705
178172
561571
273880
87083
916505
417075
961200
631926
149286
189007
105259
272710
610470
458098
330656
793683
971168
663437
407433
736153
522187
624747
92354
25164
805205
372341
92513
807273
527824
697426
610988
902568
776505
728806
505403
306126
41575
113084
566443
632479
858701
270526
431548
877872
981356
272737
831048
385305
772056
568670
201889
506761
689892
357402
399493
657653
678508
488423
831296
899305
625920
447203
895647
183103
628456
554686
593228
447852
173977
946778
601611
66423
500210
193931
65552
830918
823731
704509
171066
523025
338235
68021
165296
578103
46587
119408
411287
593199
678269
1063
705261
588439
257291
389748
594629
732776
639293
234254
191327
40587
664931
407088
234787
616196
420682
472153
970554
633421
839023
200876
460873
983102
970238
253367
343627
533927
455941
664272
293066
553792
539258
957852
277242
930936
84837
620265
613106
915241
235755
766331
81864
723565
956729
588452
326279
567434
645193
37452
851088
893064
793556
802769
436874
210724
643092
668871
172295
837853
583989
651040
198261
31147
541527
209319
537085
953231
163266
947879
2043
842374
727783
261416
740571
464087
349519
581657
721804
262092
311011
581065
886180
483581
706327
348815
811984
93063
407987
83850
634166
659420
53951
608963
282025
746740
945610
271215
577800
24034
574295
986064
568499
306561
58213
516858
846443
362509
852250
866035
261958
66254
437899
177332
460299
662574
625258
534604
225136
198828
569165
789348
945389
413609
497623
643613
105852
13792
373317
80533
813296
55219
37591
747017
374319
83104
453336
633812
771918
427154
964620
993878
857351
463636
456438
803312
757721
823648
315523
765035
760765
513558
665302
454584
576256
984584
532593
502354
207681
546802
144508
812288
839241
789703
722934
605686
290178
246438
494133
836059
795350
649643
124955
210790
51109
598370
268887
208289
870946
141015
823765
378064
969419
706825
677059
474411
185411
761021
988865
315846
964877
656686
755685
688146
868199
336353
489064
735036
888961
176599
186480
10483
999640
468380
409210
400967
425012
41597
453603
678765
387002
979223
536148
145183
425647
378825
620872
942048
405450
773899
675772
84445
73651
442520
503858
616879
742494
144711
807393
74493
714623
997752
739452
383999
122089
950697
26717
33821
976647
392872
485646
571573
389685
482787
243124
626940
950524
740763
336217
629180
607272
162231
430996
69563
452168
917941
997527
571964
521346
906619
628757
606111
668368
1292
473422
856739
475931
526678
518008
919180
627634
719848
199052
775199
456039
545408
501802
321547
724294
438146
626409
976866
515827
192197
30015
766404
727391
552392
714825
670172
129382
381314
484089
745668
606793
272087
985305
20740
274051
310822
814784
349368
800970
767359
650832
520975
552419
540850
586792
701231
580002
709763
141933
740982
190141
767737
90224
814364
80204
681621
932412
470964
677536
16608
495423
976081
24637
782942
829139
318534
155189
524446
354791
147973
325666
4787
357454
57064
990207
302589
255012
525326
350755
656864
68249
484958
469212
814679
704667
972455
674276
496545
832356
591336
747203
173401
522717
242923
14912
372067
68269
501708
563269
989570
738723
654551
148878
991879
769532
123279
215693
897828
582609
524747
136350
462495
105184
890556
265826
156322
135861
581449
541306
868655
783540
927003
379490
48176
933574
396021
379047
541612
179358
484090
329223
788950
860263
485202
408035
968384
766156
870440
208675
715693
132195
748747