799182
625902
675903
809377
974476
182841
279771
201163
801461
914464
595628
715464
687524
945227
866067
727911
121163
718893
300771
597360
783
970654
448008
969148
507968
259655
995476
955841
783860
91510
13671
199404
866175
454802
868731
132967
931152
249128
622986
534970
149099
285155
741980
157837
172030
393179
949488
505996
538339
595332
273158
171491
10161
547143
965063
296936
797439
866477
778002
980313
736887
939192
979044
977210
107986
234828
294435
601761
100021
880970
389127
528973
545448
460670
401318
611056
579567
961902
88602
74573
539079
17683
410833
312956
299774
506148
588656
732619
9455
716429
720677
307391
163865
218303
939592
472312
199388
879649
239980
265074
95119
704676
61256
746791
56256
908276
225405
30290
200969
230410
628420
350671
990603
421982
756662
800095
30090
574458
301174
488007
93797
412138
104766
553303
88240
343119
136197
79176
488240
120275
231242
520063
631922
83959
809664
861550
844040
382921
961942
226202
490529
774705
100322
11063
284804
924393
63721
256239
165545
584461
536205
458113
772532
717128
398804
803910
876239
712942
959825
660879
633314
36584
650481
844523
10994
555786
659620
96197
677971
268353
694629
393257
887499
308456
429992
55335
130245
67897
945824
31632
432943
912160
841898
821342
292720
173227
411225
735344
941897
138078
518238
427826
923975
3684
433684
943259
826530
640608
762214
680656
557622
579232
922142
905318
647323
149875
458442
952068
995043
567313
913420
951591
630383
291321
67391
305408
294702
824728
440258
552696
594355
44709
354018
139667
990834
89290
171368
533490
85656
95868
706363
165747
3076
555371
636084
153011
718757
50965
165117
913715
229873
212725
134820
25560
610303
261914
428610
468364
86849
732626
940866
226947
23970
200453
768272
52120
485688
382301
772896
831253
68966
576611
966616
237585
73361
466021
172443
197428
179773
451091
720435
754582
194691
124074
697242
342534
867761
60104
548069
612647
199422
791837
836110
902772
914344
349634
877404
88867
348652
739684
436145
356712
183585
124889
810352
519568
18546
875475
643785
498318
621238
347634
175010
524691
647342
844019
44131
25494
64474
658886
890398
714227
246776
724030
182042
866223
709530
500066
563003
340122
528227
529952
827855
440461
361246
229793
438903
227667
176506
700472
595888
327780
573030
819891
43709
628621
521413
749268
977715
372203
478222
701210
269984
919381
68675
824376
26073
487066
56204
406951
932767
269920
575984
664151
471213
401579
226863
552768
973601
362366
921598
827032
277828
872924
8735
104669
10040
236583
645853
620305
772413
440554
904353
551046
590816
220082
729012
498383
782400
270038
351954
257366
961982
184664
472167
786956
893184
106532
615913
288955
741154
335669
956113
773815
169211
991319
343735
677939
74439
147783
690313
856623
369846
951094
646183
884111
272912
598892
695518
36295
571971
364426
468544
199027
162379
90280
162397
206211
495420
519965
345952
808276
920303
520284
620935
143833
473671
139067
348352
182520
175711
527760
634013
72369
201042
117748
695860
233017
878246
319785
524054
79461
144917
247960
613994
357058
627770
98034
357989
851777
537749
799865
435047
703631
455098
266583
548981
959171
516700
500716
266959
583857
387186
32613
976686
402907
541188
181255
265756
621127
939604
688460
76719
938732
832939
836324
336931
793158
361791
768028
47379
652681
74174
802844
123412
282354
329465
841738
756079
463928
658800
742733
819448
269922
102390
774508
309519
773554
655105
67028