277727
810675
204772
20920
208455
479260
498628
222571
884344
49480
163861
813437
779886
494329
434231
596395
299435
192042
691105
805744
454299
946433
59277
117903
576345
250481
172115
620160
450186
414192
863828
132469
181031
126671
917453
472839
327257
355259
722123
452034
946173
105614
984957
812873
335303
122899
309733
196456
15298
874069
375593
177012
476853
323554
7878
834785
151010
528929
407844
587936
928680
689229
532612
816178
781320
742157
826645
63374
372676
550130
732007
587563
793507
444044
780215
805739
90130
73769
522280
308068
665764
282539
159251
431243
40954
796741
36853
259071
89150
262290
849735
227184
328201
941650
349995
677610
543845
507585
342594
987330