7846
561460
667642
268945
868905
414030
764086
115069
632356
576988
918401
14672
694344
897429
743093
508626
448795
940067
777549
865750
561844
163611
114216
614075
724435
279304
471165
519375
697435
128224
339228
677391
204460
751576
379165
813706
331553
896851
286567
301604
236963
3126
525790
521461
29160
810903
225130
378129
283340
400083
432993
59363
875850
613438
752528
441138
563351
809717
268587
765702
575771
264656
327950
118755
997196
28276
970031
820
401257
866885
583587
813059
938001
984824
397001
124517
620670
416454
132439
920627
166561
817404
844095
214258
108698
691695
826493
636308
752467
692366
265408
637400
775227
101200
924402
659980
198106
768268
827942
360051
739158
799015
505117
5825
783425
57767
32757
658946
44380
138790
858031
415707
493293
852707
941595
154921
988984
984435
353378
881094
936413
456789
328688
568234
680014
534498
462716
228845
453162
877731
935669
873194
50235
726077
712395
630144
529289
787463
414294
421682
327129
445180
127463
393454
247813
333836
821546
521771
115001
723853
666996
913067
42951
46607
546927
64096
668328
672524
626015
818539
586192
893246
80336
991807
939052
67147
465758
226084
490619
763036
489057
534424
551814
943755
773299
348304
618558
414842
86175
426396
143664
621761
172327
926376
173159
318079
455794
793822
426334
737554
469072
747369
178016
503585
183020
463509
961982
483414
654157
865938
615468
192617
601160
583320
835897
657432
314054
849252
268010
288435
790446
851680
981426
314131
310830
771360
389455
749546
916011
631432
350211
81078
410691
636684
384238
855568
6843
225040
715845
281441
808138
762862
196913
38387
543041
630037
523590
84453
308373
369998
810270
193657
605323
407834
398866
576776
831102
178744
208724
692245
287120
620547
222124
339902
512491
430583
20941
313486
952691
874964
639379
458480
289098
709595
324572
589695
192127
950517
817216
16312
30036
482739
911086
591441
4970
637104
778084
635747
655755
11859
575050
60930
515028
988337
876140
253229
309181
264655
19859
871777
298822
343941
302078
680712
560128
867070
588546
124878
63030
759579
40507
593236
369142
804599
13806
602686
187007
354245
603901
314280
569992
961686
53893
206133
64491
401783
883352
6471
957933
827448
536978
152075
44458
308167
20314
936235
600417
964858
908407
207399
830298
597803
890124
633406
603184
209597
236849
65158
16703
19325
218672
627291
637226
753573
407769
971508
438345
469690
448962
785105
324782
538260
397919
439056
648210
506046
731898
702751
237729
818803
130959
776332
668575
155209
286406
101625
877941
407722
380749
983723
253276
564540
386322
310529
240165
796771
524186
449153
385058
872540
975745
404302
4597
766730
294862
398774
821427
379790
459570
691880
369716
162383
818461
485635
275897
338969
728701
15241
558266
756833
139413
17650
702028
769702
440118
862685
979756
862004
176028
272865
13163
738115
388519
566850
179957
385084
771187
868479
863551
783771
418455
526408
5197
991471
321975
903182
67229
294271
831686
424114
739635
958023
420956
812191
713986
157152
305072
874995
232308
169149
3378
674776
626710
775761
961480
294962
60771
780430
408610
132721
437932
403337
581628
288517
612512
542970
848944
958577
534782
54751
686389
697017
178644
885695
807352
916277
127730
918988
685845
488264
819185
52002
524018
112618
983961
427500
553720
859552
966579
232421
449199
434446
373292
658620
216693
739299
418659
303185
495771
87218
393040
760541
951261
143713
933328
850158
672699
93562
976977
781967