765043
183551
472592
573048
891710
23072
51449
185235
153409
50884
80526
132169
754812
329119
354283
68395
145722
432063
141087
934746
238151
130301
334965
452483
826895
510030
180958
288520
406165
846521
729980
65855
806668
393187
592461
296211
439830
185606
864370
265288
865046
963456
813595
73053
124596
668168
177170
442186
970156
446139
487520
920105
391379
198292
903839
233457
170536
563451
633118
791708
510227
348276
180586
671723
692221
692152
75711
771264
565451
663521
967883
714920
565048
694846
45531
284220
89101
214342
743461
883996
771776
158186
651633
269148
422311
323
557796
35067
603863
957611
846186
345422
44701
656871
937983
573308
181912
310018
797595
591458
10353
837301
383992
731543
106617
912577
492097
233481
395037
313055
525272
78214
758152
519759
197380
269079
228118
623246
846454
73287
185456
285283
251510
924289
197768
318743
881775
90007
971379
971076
598035
781535
762270
747334
507628
875384
939118
291919
965953
642218
844280
248791
987105
294379
876505
716016
766798
275198
37876
133239
555465
953143
564934
40550
17079
904793
381479
112903
772205
990560
871840
173955
703325
567834
264291
815385
896284
560559
472043
668138
557135
484098
729457
187120
422770
886768
807688
881231
754628
336246
687510
392836
2515
447471
634927
202682
762335
329722
50447
371643
907566
109050
213428
556483
961771
261623
481686
356145
380476
491553
61444
389335
673951
983413
82204
146032
192319
593081
792615
581169
798617
901985
688463
506232
172229
510228
676413
760673
782308
272072
360723
5240
346853
827145
984579
218440
635123
193689
535242
359058
884031
721522
753101
480857
431397
649191
632526
738394
395133
570280
843659
895322
114753
805796
282867
954839
464534
847945
648070
436640
293945
778599
188680
12097
145159
935474
547425
613206
36649
762150
937300
380352
663322
139653
582746
395830
63510
276220
450010
139955
655584
164132
690376
102477
1008
911268
874199
746662
52984
274803
903580
382587
93650
559995
88193
660186
317832
361241
252770
462704
175935
982465
877959
868864
707264
129407
502206
60912
3364
14552
426965
664958
181340
834127
208305
678735
480347
452035
960782
321320
987360
625845
405780
141430
302435
228008
509714
539463
850075
725921
114713
659483
832106
732430
532216
118421
523558
721219
575183
671692
85125
954975
927058
50943
548708
910221
33052
702629
850612
101031
412077
403489
938946
453812
597698
483284
685793
213778
990352
416397
690037
285551
254044
290203
535647
884913
449978
523204
52992
752566
184480
136142
864684
135797
726821
449274
695213
54019
592028
670800
406385
732978
731463
710102
493841
800468
155962
87770
766846
331229
122190
410415
630730
184742
597502
580852
44048
299086
483361
525071
682562
169659
959812
202297
95053
196414
89955
543091
90155
388245
935940
302551
231237
334538
759921
507849
801538
202488
302992
519820
677744
956269
426208
456113
946510
93291
149586
930666
275123
84937
247810
380220
608671
722039
331536
462931
353053
419487
781663
501807
275921
977830
955242
75068
31139
254865
751742
540800
771528
837253
714136
600558
869738
334694
69851
571031
885684
287329
618350
547648
54267
111814
185904
585102
913612
380557
255897
397278
689934
936250
84974
899505
907412
397530
847264
845637
5570
473005
374786
971839
879896
837790
820069
137091
365280
571309
490194
958246
630256
367789
195492
394811
515613
633641
132287
219786
639292
148258
533489
224351
564118
222324
757091
986238
809383
200215
1019
237236
890579
238400