778861
249780
306413
642350
561267
689569
371712
418068
797375
352905
316224
377039
979531
653492
75353
782095
589863
74582
348998
556011
276795
534697
51435
762823
941479
392358
726721
19742
506187
371039
940459
847474
558626
222844
905064
359949
625289
397136
488610
525170
717790
828631
912163
938789
748996
652751
565287
984404
348354
910255
505036
28961
238539
459976
50149
394061
194200
87351
513263
299650
37169
519492
541723
537021
853452
279323
967178
56598
382348
971748
630103
214381
618090
249217
30157
618227
785393
679908
408313
694418
247395
357386
550875
151226
528313
140375
676150
312713
335112
387727
749959
289366
837503
354030
760210
983707
76237
540582
27351
187196