833772
859670
784538
227483
77135
615381
202885
853781
302387
307345
573253
437716
187125
752258
971299
338216
535630
399102
548638
650078
524562
822679
478721
665954
867091
442514
179789
995855
512354
765695
973270
579541
466613
849018
535594
102278
306276
724540
855979
343293
817486
872030
680574
769451
245720
462700
301084
906431
916117
704354
186758
7026
586562
5510
807957
905068
41256
859937
152623
798294
25828
792795
527382
680893
569859
790258
762778
454623
65223
125975
938927
727382
76295
592549
92697
722590
192434
539070
946308
269701
842420
388484
337648
190382
362993
178801
30793
166145
618286
111060
755348
473715
378895
220521
999878
510189
519867
58131
664175
144731