154060
978916
795842
190098
437215
424238
721275
253184
22967
239314
979994
9855
254817
153276
305760
773006
468380
959707
649030
21456
519853
305549
552032
99401
999951
145257
599519
216117
269384
476776
330417
168325
407703
937584
304259
907255
535946
203135
298982
624656
676332
279792
140495
476729
892506
372781
61561
736115
643959
349938
316453
681785
72373
307641
376897
676401
482644
311176
119335
134094
208296
752339
95356
955205
527442
203022
894457
545129
961809
330836
2310
520933
601073
839021
986498
212118
257057
856447
321056
722691
510754
937492
201643
624249
990428
394820
730601
383815
748107
968895
228382
194067
231894
399161
836008
832024
464576
853042
258439
508029
759735
39265
999807
558546
785162
334269
371478
463209
67192
972135
830840
794639
553571
891895
494139
55590
752036
166177
211324
20512
489848
542851
509352
974042
969367
289167
246935
413779
153125
848
781970
99079
650818
593754
552373
59820
397116
640531
65904
116104
925668
890647
526375
637869
700670
973197
361082
918547
125649
525956
930335
62800
46431
958920
706346
923382
770671
438983
612782
262153
540614
830171
606782
368283
358324
278836
63757
795718
286026
132515
785779
940678
71721
737797
781392
649648
111029
25290
892619
208659
457897
868065
874676
513258
195845
7746
341448
903418
285602
27671
878482
847374
821989
534728
312878
395469
939794
344290
321705
601589
120184
193763
636484
735030
91402
785892
446935
239661
519310
342563
636435
171707
452782
509996
691168
624194
335468
627876
708709
145724
708147
939250
739749
398455
690824
642186
420614
226673
768927
104216
194862
385612
462090
902021
804934
209453
262221
491880
101728
53879
116172
357388
724853
287136
955237
19866
117191
688492
691355
301475
863461
10126
238631
22796
37837
161624
408115
242455
382059
565530
621665
381898
749248
944735
645573
181758
183390
410240
404724
123973
902864
895779
888180
455673
460246
426452
62610
472733
832781
737790
364051
657267
217965
94981
113026
197466
789037
579843
241192
731296
810369
928798
863002
525932
238723
689667
844012
329153
339696
46529
237572
104112
902537
21316
944009
825821
460313
19628
920377
50987
345047
889801
920090
382279
387105
147189
817352
791438
518440
527695
752941
262044
492779
295247
672591
452018
449628
726411
136900
291651
837406
356997
723200
69723
63216
163950
463759
337645
974243
978236
747678
541303
424711
923107
754611
824468
836644
324466
32765
471070
581284
754765
526533
327101
830926
735043
854724
706961
435757
297803
153039
319992
385999
297824
564142
651324
771561
933430
340234
905628
980760
241047
96132
757429
476866
631903
614114
740621
683419
322768
85860
44220
17476
449811
256821
596600
711949
245068
850621
394811
221979
614296
359251
571027
439077
401318
108176
805894
370904
977327
803071
12959
169627
461907
240368
146969
496556
473618
341291
964071
167273
274211
646018
82718
262891
660596
597376
305088
872333
303103
204285
837798
800074
430278
729491
886793
8196
341355
338731
62317
35873
999982
956848
105450
155984
320067
899942
651032
573034
283919
198227
505110
118323
575551
640539
418999
812095
89221
86762
379018
12657
275120
230666
1285
544159
271271
124884
106126
990098
202179
888579
740837
789481
962438
432868
727984
963676
521851
92969
2596
749918
448106
58845
218382
317980
872696
638835
749308
384995
423001
215991
628618
986846
123188
686437
202572
49148
112338
217688
36181
709552
486721
106075
568226
574930
754251
405852
949094
388579
941134
255743
277747
564846
590840
532558
870274
855305
655649
585229
470815
561275
491781
58859
262324
356791
155804
577685
969263
323399
354520
413605
538259
910212
311931
46585
234265
986241
980882
757022
560768
565512
803985
75818
81848
10428
271308
538920
224231
24286
878672
98926
781909
755243
928092
690635
916539
890657
922239
617373
795939
338978
285199
318015
640946
761859
163615
958396
373723
739310
602093
180850
415152
757401
943919
276007
76590
647675
395249
42416
667389
674519
311898
179923
272918
719154
973402
426195
877504
985776
623488
566746
99635
705675
429480
581955
263133
558574
892434
997697
353538
58292
383885
901743
261822
785976
864593
952948
197862
532504
159021
138002
478285
192011
182741
254732
193186
679964
227869
659698
65463
291907
148739
712778
870172
755230
180966
186461
229546
407185
286229
936091
495900
196023
493379
521579
978455
496323
756758
436819
347466
195448
614046
343809
332592
494977
54115
716276
363890
850926
337239
709130
252714
95307
665386
747942
87043
608095
110204
250493
238908
429758
740974
143806
482763
765963
775505
805340
589854
961998
245696
467001
36348
844334
962378
498864
610506
2763
267911
946879
640234
398330
574028
530384
83774
285534
269049
892450
848586
595807
770223
391640
678392
985930
707423
18078
960501
72901
177854
681268
501240
772653
8468
20313
409954
337166
741748
351316
383936
606590
540358
591265
819886
792214
957056
389495
14935
369614
617523
140210
602839
202484
376578
115874
88961
647817
910061
812335
862076
891640
767755
696167
315912
61940
963606
251814
249951
768749
899680
28321
759030
294766
878500
253135
238626
617878
429495
857012
870552
369712
290462
348427
931341
321970
260153
526159
271484
234575
134940
664870
940550
390521
375934
758827
532915
968566
14218
74006
655446
575646
445971
873226
566863
839279
289317
745787
611754
50316
370870
575867
732005
312281
384060
385567
916047
2347
318296
276178
481100
328304
40815
412214
641269
13915
92186
560562
931932
912585
184435
305564
47405
613877
39824
333380
111408
736532
513868
383899
117802
576783
995520
159039
319396
214043
141073
170724
863875
968694
493539
405984
196950
235135
990124
503891
381615
25906
871267
545520
518056
337536
309270
556589
852551
787655
475483
280643
880124
464179
488670
443810
15431
833200
183130
180853
156854
594059
619619
353101
352716
600484
832415
906412
110974
362258
903253
120113
71318
980243
572573
329179
375802
333230
634167
167035
59528
3688
102520
833466
213720
541151
897504
501444
215203
590597
613958
396176
812353
449917
593524
399246
216846
138187
604559
943404
44902
621883
165359
554372
491280
884178
593677
732005
148407
593576
902554
816252
421843
938154
210028
193438
422183
583659
32211
618613
802787
535266
787082
635014
502889
407172
877001
738651
919213
893567
485560
484049
733493
218448
491070
733568
494720
223169
355894
294018
171651
385859
320387
702050
49422
900323
312762
787171
572558
484524
31358
727082
935275
100826
474154
761481
577937
169398
848166
898856
765004
238227
316444
713362
888781
11811
972549
388570
34122
842998
416413
888168
356865
789649
721269
456291
679644
443431
950247
135228
494064
72119
140451
508181
819743
610369
441704
504397
433694
239590
560399
84458
149265
530459
894209
467233
163283
649225
987337
9476
559569
463813
981508
814600
990102
463527
379637
597298
173473
431945
773365
960990
971314
23454
219207
953836
548580
372396
641674
639688
920051
909479
921736
425491
933215
787628
789931