580216
555615
727126
98566
816302
660378
793447
941302
765836
46930
636761
816357
489070
488730
36469
933272
488023
925604
950088
879003
823694
302995
792455
440477
513234
198190
840668
707511
473018
186864
287505
970125
892654
932668
97752
90445
132604
387821
84212
10261
537432
792140
150728
606257
541555
133403
50938
771842
840694
138062
524292
22714
236123
418201
834199
878275
551784
35684
220267
9599
145609
277852
443624
105066
471562
153315
882154
228444
766894
117863
297077
621355
182062
117008
10613
370670
433681
564051
750127
885724
835620
27492
433994
781266
964695
610312
218996
75571
271092
848968
931571
713833
163580
80001
291144
720330
148512
971289
411841
91863
336537
558348
929948
149982
797668
147428
448403
699263
826846
575111
394761
611403
668279
268714
212943
348232
405846
750436
131603
249873
715082
878557
624549
63898
216295
463269
777191
164370
815621
901793
373137
687777
318225
877088
577119
696785
179854
206411
797463
974985
185260
581563
641338
726323
851203
251941
45255
262207
684
45936
743014
462081
956220
167591
925688
317750
610398
793802
293816
666660
439500
210687
828750
979295
30826
716710
366000
924967
110655
117194
637557
358767
786832
483187
741944
102585
351131
354264
609189
569564
432685
862961
497379
197159
47072
619691
719326
646496
264053
470773
107504
727013
80650
256568
224555
856628
806968
489251
42565
401542
601099
356
938849
619798
263583
923890
511542
398143
118867
820487
293406
719171
564909
444907
49341
286952
411018
781484
429708
560444
807296
82026
427073
217082
398482
927566
829085
136197
95183
725019
585041
340945
992903
346397
626574
880225
217195
811837
124712
487722
361216
609590
200486
905111
466112
359842
855272
8166
799501
379054
398389
342511
406418
404013
139233
354117
194488
267527
158231
2549
914306
668498
949960
787180
144774
615033
497520
918005
716937
685592
2
800415
852789
366890
39280
272188
692729
229402
94809
718726
335613
579061
680590
525149
694465
569601
568066
256108
375633
327719
898062
961961
525863
993931
248351
812794
347037
430076
557181
671605
487181
569991
677240
658624
924487
943590
902641
373208
921390
670294
566402
120237
542447
487430
518667
570857
360351
433003
549338
499985
374129
175217
747446
304260
589520
153483
701448
90977
353567
529963
839527
335558
460939
900046
167999
360179
975497
976622
286812
587148
477553
197147
462233
477053
490486
987172
750879
236472
360449
651631
430620
130394
798122
610472
307843
880107
52883
877782
379385
484484
174752
666697
65699
821387
990294
98096
331721
810842
760079
15879
61607
854526
959960
690797
313360
141339
27879
682963
831871
435373
821500
63185
837180
835049
662674
8851
376552
713538
360834
923504
366565
524039
406005
842203
752612
613161
939204
251698
855820
834587
67054
260788
747652
857298
212149
762512
519901
838508
900821
733912
272095
783469
82338
99796
43567
956196
564221
936755
803481
119276
111794
777117
128256
419918
964465
362276
676831
53828
498600
248536
483451
66968
788537
713465
646311
287019
775325
428935
149555
840402
120341
309430
336115
865115
779784
693630
947431
603245
468030
924430
718668
269773
419063
252832
754814
897597
230441
424168
370120
124287
236693
208294
74186
657079
766917
653787
342085
884590
884516
421335
1031
447923
768249
933297
479982
509852
269570
88721
714458
830442
726569
817127
806963
914186
686373
595774
21587
148344
629744
358251
872146
522430
486048
306143
879661
323675
129189
400220
541330
953790
266206
518149
157835
812337
885976
418125
80196
109203
993316
660625
476475
686782
972499
544578
986179
220039
670288
734075
228340
87523
137115
436017
514866
751270
998558
409544
70360
867047
399533
778114
668994
933824
577375
315602
3188
549682
449731
138959
65259
427941
180545
191364
733373
945420
13647
272612
230511
610215
473164
265115
952467
146082
704188
946623
94876
539739
257313
492197
510080
67777
1138
651728
546952
321752
96955
603397
143543
242904
781392
609850
158933
135285
45807
570413
939031
188986
315185
587536
601196
10063
175789
557985
967270
984217
157610
708952
397571
337984
252606
508474
363288
361356
150727
967499
117785
392296
124101
374688
309575
638985
209235
621586
58806
85288
190016
81807
529402
25323
803918
480906
971502
606178
47751
459283
655776
640108
956278
335873
691036
530874
882121
77707
335700
95915
560577
828342
831913
267543
112531
48680
649432
380968
549919
394972
808324
480674
693130
986479
265435
273603
292474
916119
155176
178820
364781
278643
73269
698944
451446
32124
153499
307756
135382
400027
747752
984068
533235
791765
80171
463879
864503
138209
64862
853208
840328
680795
973296
269510
247519
239760
599919
666405
389127
228089
500303
717083
738421
246789
472665
798903
424190
693455
623347
635963
647673
178287
372104
72442
478193
486444
740692
559900
689799
580879
357837
12479
21475
391699
175409
843576
48084
569528
810089
522167
798604
457590
919319
189448
699825
835087
60353
222838
838305
310462
348121
505034
940101
255179
973224
36145
174096
1664
902039
54139
493525
286262
903706
430400
192387
213448
815737
100381
788478
42345
23356
548060
755674
263954
515251
760626
50614
96659
567711
310561
674355
353547
121473
856446
349264
158323
160060
409165
34660
209684
504425
278344
861622
739097
331064
707263
430524
264447
122557
643353
734191
604712
106911
998776
751623
478095
546008
451195
729496
123735
216617
924124
462793
495292
771934
457018
35500
975018
973497
623346
603775
697452
804350
788006
526143
7869
401114
293407
84067
701947
519985
509199
614332
595961
581251
31151
40679
495539
435834
792583
798763
820892
435218
799116
610806
699476
203173
333923
321007
553206
172434
81412
21623
794765
757321
651834
409986
842086
188086
485766
343307
794752
255496
902627
877689
236256
652317
832933
308492
695297
255628
473915
462915
212777
869582
916243
199310
131159
171593
473500
753707
32089
869115
907751
785376
48250
93184
54951
18707
854807
361023
831959
22281
622482
766519
72698
447353
569888
463778
561854
87885
149694
668675
435130
272564
871489
825489
209879
122726
47882
582720
434506
17334
797080
412136
347711
964557
857207
473044
702929
797320
630358
635818
873078
233968
77814
953074
65720
839634
834623
853444
542494
983803
425453
345234
599145
680594
656423
457039
362298
862418
962864
237500
617617
534562
149942
906125
746544
161938
169736
757052
252126
128500
949989
73897
195911
857493
593391
640428
234240
68951
384447
297145
626281
612844
675730
391599
788652
110641
410272
640125
934881
955748
789325
868465
605972
400004
919609
658975
758622
896388
177202
321066
828271
968747
975433
838578
791150
768075
204418
267930
106231
629595
489316
585652
423747
221172
856113
633548
929126
18084
516528
534222
35953
517042
707750
207572
194679
6256
402659
233040
136301
411126
134392
549587
218539
740416
1350
379831
270095
375334
623345
127599
912256
165364
204660
427433
314384
566053
617102
77789
50939
208641
896795
985653
907340