964404
45511
429801
562163
122568
771666
932943
499210
222807
854271
402072
162031
743210
123568
60425
359112
495640
213514
250099
589048
979784
354000
501253
284296
199317
953245
483580
536436
533322
502782
571381
746576
697996
522217
104482
817365
803863
789726
27163
618636
822048
183769
246732
601750
692890
406577
784397
876502
971669
25616
378703
145723
739776
802063
231793
972973
334671
489518
755250
696467
783288
442349
705153
323455
396887
207497
894833
172407
735793
696150
133896
207201
50261
389430
719415
52234
444574
293811
942179
762003
918358
358591
268706
203064
75829
48901
361281
722942
579399
777899
529218
263993
247275
190631
310819
826679
314103
379579
344793
655628