166736
563325
794841
720287
646970
48249
358486
134593
740412
145310
828522
151859
992521
780127
174830
387342
506107
879170
50912
120000
830516
568817
882573
99828
155670
451374
646039
348752
51354
869604
168232
916760
397969
986328
531252
366640
485941
636222
548708
626302
234347
140072
779620
605550
186584
252058
667978
356559
79261
452472
128993
946907
658736
902944
271570
16403
39960
870356
538030
687177
916485
481744
777947
83383
318665
591739
161752
319757
346615
716024
963438
283912
374807
301083
412981
880062
185858
429625
930240
119414
994208
295192
626278
141811
205180
20613
333550
38162
476097
31813
416214
98313
671316
152035
654336
976527
929165
770984
666042
382747
704083
309865
621096
20996
951378
163962
586640
601927
582172
268928
616066
276775
7641
26021
665954
450351
810988
343652
408403
826707
792165
716868
219394
790965
139228
787617
701196
180227
644528
144677
710285
570557
464796
203734
211654
304148
757363
69642
351530
462126
13560
15349
312581
424006
693148
912419
272394
512881
461012
123905
384695
69627
994646
339797
863463
119024
845617
794446
619508
516470
966855
156533
163206
1239
563240
691971
291453
18781
416843
971085
87159
529814
417643
183515
480702
828407
389052
642710
119953
995229
878472
505823
573389
916655
90475
339964
923896
996126
210727
11245
456043
448782
918629
164765
483801
799759
248201
654964
176639
41924
248176
525769
71722
137956
857545
946101
755808
478047
843597
204931
89708
504792
82012
596867
510858
484305
669237
475709
787114
367589
316754
439555
513252
244462
495262
419936
42617
396422
218708
926892
120450
238059
422069
993729
326584
377020
54629
673288
160479
727456
168483
170220
696079
804870
892260
574961
556896
712966
265354
147549
881713
612262
350790
28052
976725
219066
944071
827714
347356
739747
482269
578352
254521
521719
508911
388666
862485
807745
755413
913752
356655
92703
136915
632024
674222
847050
286323
91180
389317
357875
431358
590623
149633
936264
72982
285667
485682
321301
160563
663495
685683
936648
997368
489028
683224
499725
353393
565430
716468
585752
609068
460904
679044
159680
822705
419016
437308
585480
570975
873018
973419
979706
943972
31048
760717
762029
829720
269110
937389
316517
231287
104627
606965
774361
103673
737132
538260
310991
436496
44219
906890
903332
944509
860669
855123
863784
838608
611010
792685
609189
632698
8413
231816
421889
499280
195162
648970
560185
271902
13647
652860
728845
708454
132747
501076
251451
220148
991468
539103
111395
884895
91277
695499
359433
639838
69916
924622
595385
210052
132361
946167
490885
908313
561178
319951
320234
860823
913499
997867
258513
520126
920051
260113
414641
580180
449938
819909
925137
749117
425927
30063
658091
549490
732526
218538
548716
760545
72774
263851
676697
200929
811873
314252
535563
334353
252724
601972
582939
496780
528590
841701
28312
34954
937638
134946
992693
776278
503373
494075
267712
411751
414594
104950
55245
829470
474660
424924
225969
355483
549506
973021
82666
193020
69263
75425
761948
213236
442481
101484
484662
251843
266680
485164
33395
417751
219820
330338
742205
114943
138239
574059
355628
625992
585761
692010
82859
983734
926450
965204
558779
505249
986899
237592
115025
779113
355541
78441
152923
443735
338131
234409
600161
926417
576796
489907
883526
531066
641160
128773
422957
588772
489964
288585
600376
381298
172904
562942
817835
89743
611165
773128
20975
528325
4732
601680
705907
648123
285370
489689
335021
86478
373727
598497
548222
472266
917374
159215
239796
418757
335999
697664
112297
157080
275800
654472
681224
221243
306330
498407
223664
653244
195559
147049
374320
21404
509314
797242
772722
716614
268607
183077
330677
6316
366681
946823
313523
30080
346722
360724
673505
94732
418709
720517
447957
459311
940167
856541
232321
624821
20028
377623
934237
800017
491734
138414
258275
893946
30377
805448
751668
797599
990442
65216
354008
653511
777221
185230
58659
616201
789965
527126
873203
615077
372686
680266
854997
387582
264766
564540
84487
11957
231890
744579
235224
85795
810158
178441
900716
367730
499508
55600
469916
737753
521534
495967
679354
19890
877542
168237
579505
618553
979010
896808
359947
51491
620973
151041
662221
227480
185280
765400
228669
213135
922784
461856
108740
469957
503793
757167
404014
421594
564777
19749
392653
124616
956607
193334
971581
250176
376257
937109
472771
458083
36293
448830
230607
297178
118455
225760
235425
527186
170962
336294
464904
948759
838058
259297
442884
260236
445157
758932
152077
684805
477706
683227
176109
658433
806961
201016
303624
813831
567002
272763
757564
608475
829658
175950
794915
545117
838256
919450
117
600255
294454
747482
158475
419809
289779
468410
369982
933771
759885
301163
374510
873734
92
476294
530015
865047
764825
922074
54013
462873
383285
658132
980224
715958
938310
372106
756906
925826
665244
741092
513773
789428
864498
891495
812395
326465
546816
520799
318741
732951
944174
778665
766324
513651
752354
794266
484166
153311
639866
149839
8000
717515
428438
686163
420339
77383
357196
905126
904585
621275
569279
273904
878510
265988
232522
172930
34507
867211
907413
697732
580653
203010
140618
862145
166660
850974
777954
684428
800904
82732
438617
583181
822326
556018
558976
230123
230968
283811
812465
438488
696803
72893
963548
793332
137882
237315
645760
626463
549840
9298
712438
643742
41258
118883
830631
898472
972930
468892
418526
768590
955208
41043
975800
51590
275331
730464
214136
59539
65589
640605
880759
638290
907421
829244
113720
56994
210326
10118
888730
328177
509469
896300
557478
164064
236336
673931
397833
389074
581265
642497
856027
397846
195306
99302
883293
93806
298954
737706
76802
381948
384525
785737
686884
911048
199386
971437
248535
99632
610502
559968
742299
900525
746519
141483
60075
204349
213219
639696
846386
197107
398870
331873
678173
363095
654545
309628
150987
664507
247024
932580
768034
117723
535524
150012
339899
963183
239743
563746
401085
520145
772687
54629
460039
147078
524897
421797
244039
179627
847847
754822
906664
800062
46196
463760
947368
1285
641891
213158
745159
358046
108952
812641
389339
813285
611934
1033
463937
571195
260912
747375
755310
518905
809235
654762
513123
493489
104352
146988
929855
969181
548704
732160
557486
74919
647375
916578
194815
759316
820163
110779
595220
178510
894310
412471
778418
574796
535967
394501
663672
10016
64784
892138
788589
329053
27704
915586
221682
329314
798264
658261
389334
744328
867442
298834
608648
259556
179661
597803
728807
670009
111957
805708
207030
343165
799296
320441
351019
738374
435915
709251
822886
371921
87555
293158
435903
816303
726432
564034
301880
319565
945868
534772
875538
11166
947329
370833
347195
28455
492879
420926
606564
383846
173181
494383
611889
115872
772999
419514
368842
691590
313862
56919
370383
863747
907374
605367
50088
119909
650673
582525
201338
166181
246400
168029
449653
355413
362033