334009
408462
880284
678139
476505
340073
156507
322750
285658
222794
530193
709235
885055
866088
94575
151075
156810
504004
289209
670127
316511
615657
813037
898841
811208
589056
980061
560556
214866
875666
679390
893513
319508
611098
78105
517392
444623
870278
206527
369063
552625
478090
420825
602858
63668
654561
831421
180719
589667
406434
102364
164404
505917
549627
892665
926184
57202
511628
974068
88403
617866
400738
839044
161506
422693
189518
381636
434387
92189
864418
52260
842489
761863
706375
67200
843372
901529
821118
417549
488273
476581
834353
951728
134594
165316
761589
220713
320537
707022
658527
479532
634718
764229
824576
9616
886474
581905
606910
498912
85816