202512
799536
758710
608338
876080
977757
910772
75709
698782
1262
906341
99675
108405
403556
300989
628967
757131
494701
77953
407984
874246
492091
115440
159931
804760
5872
230541
235528
576984
950325
69834
438189
755582
399978
76050
466463
321659
580088
739123
194448
777075
472898
525351
939058
385432
370809
881342
321497
866916
428942
514025
59582
191154
894595
932133
31711
77434
830043
209857
423940
465703
740848
412430
537885
966231
651555
586787
772680
517422
512557
950218
343662
80983
9556
590155
28301
703001
720890
657042
350480
292753
904848
253567
479130
757074
884647
996426
191521
711062
730983
172433
138615
856671
722456
896832
453797
623406
69726
188828
583792
133919
480514
735916
645309
563551
590122
363460
755536
742924
433963
72559
32944
11623
220917
211960
248359
934904
31149
675029
286182
567999
916824
77681
304965
364242
886258
382613
370471
963032
786527
133170
761275
611936
565945
702669
106272
619935
908104
241735
37792
475844
880207
2248
336541
496186
404419
132040
158154
913209
18583
570490
126224
6089
322802
483221
461584
244821
214850
99328
197960
865320
874
773145
840591
804614
693975
992033
405178
27689
633264
128776
725921
136023
345708
912785
561916
69724
651389
444706
419750
950442
824810
9963
923460
672777
531258
958384
695551
225916
137228
7668
828012
282994
294660
491652
314061
968358
55520
249565
48881
517268
7208
968315
473014
630999
531716
887743
640879
35876
150503
341947
807584
871581
889449
89758
965350
578323
641779
527671
748596
379355
540563
697447
360632
929675
367152
868328
421979
589650
358743
987699
614631
943473
939891
824659
30148
637402
285468
190724
595995
135651
614406
862599
664924
853351
916570
17477
49754
640889
800609
631261
454227
362246
622813
956684
297550
617414
315058
541048
906333
77023
716545
633497
231106
381462
760214
318597
842094
549874
755319
952278
132324
491823
227613
59705
743037
749276
86207
591702
356484
347218
451273
631831
992897
22225
302188
524696
804179
468856
265487
823721
789110
674464
552163
68482
243237
529367
49300
545924
266585
50740
326491
199144
841519
266139
818224
925894
903143
317775
867485
913860
981128
303407
342574
871129
961762
403151
630981
771005
487532
294900
907401
985711
982411
436203
787966
206178
632244
649926
258673
802181
995432
630900
13834
974574
538078
352956
897155
171426
717311
990102
305976
721283
938379
64806
904980
272855
615321
213206
537323
819888
660859
716175
604903
934718
701120
710355
699545
774317
521362
465914
665841
371772
648256
247814
438985
480860
822423
236645
19291
342016
834025
475908
978067
17863
925743
823307
639104
880836
116874
46264
669411
986278
124261
482715
245482
332361
962103
814763
307703
36632
83941
300228
278296
508828
437252
352958
558876
633062
161660
434475
364987
338389
242696
457708
223348
809541
425945
308336
552436
172436
862746
712843
600370
140946
948367
217327
219160
727684
853271
221705
17499
621205
857360
882362
558571
64218
168089
89072
266054
282112
680819
586913
225256
242901
531776
122980
207517
104687
635118
577964
993718
78333
751917
709857
135578
387048
806683
579164
714356
221477
699842
320319
409674
935578
622839
399536
548653
369706
279139
856880
224012
751007
602590
649755
772708
966131
718775
301502
746963
986619
729680
23696
600970
359281
626534
865359
882527
215004
827375
14520
432066
919582
673436
851427
148296
139354
592958
599736
364515
121088
602373
567954
319603
556726
266723
184622
121717
847716
204686
858575
316697
565468
377253
265394
196210
271013
206890
122089
53959
936035
895597
476887
878406
629604
396490
305607
40792
703561
197769
688489
508240
551183
260707
750697
539772
961593
830628
234925
223390
495388
947500
791596
81589
969478
298831
776230
597620
938956
550108
881539
435412
77679
24315
570700
911941
281194
603952
542720
279616
945755
145916
342932
164728
732619
319714
375179
628910
194012
131399
947373
17060
996494
563890
549799
398377
52141
780660
881407
156371
184603
68705
199409
102411
156086
724732
827883
385730
7973
702193
792930
868994
315396
149755
388815
315999
6954
510374
432970
203212
80403
581870
164481
514697
47599
166343
24661
340986
400390
466294
486929
981971
898182
105564
345351
400176
730410
379795
244553
44161
534793
803441
42689
102499
40505
441834
758318
611145
125342
640786
883003
63897
699346
875263
180861
527379
391154
742925
763466
343788
895107
32955
182128
924985
412032
36082
828569
25799
448449
650022
564985
612615
226633
853653
638705
807462
8236
275501
947268
864571
515547
758794
705266
516506
28686
142109
666742
390086
72141
723432
435289
770050
23642
566309
39538
960840
100158
959431
271355
438355
956143
882392
407504
11095
926490
588737
825926
156561
588499
929448
334949
179064
744151
356403
451332
823635
196602
915756
591744
779492
518129
506429
938392
114690
940862
499418
886632
520324
200500
335229
101312
920537
634790
551565
876001
793397
389488
100568
601619
180838
658785
81919
617765
599045
588740
874161
288259
663751
529417
99215
930349
562803
668245
303471
760026
615854
118691
504828
176808
901042
928789
307451
385854
386461
751195
122408
209600
324710
218558
329471
856302
13418
539338
721558
778458
68516
821654
763687
604739
436028
399601
126124
785875
321334
147563
878819
43058
17163
260541
212465
364933
174613
560406
391971
256455
906403
17283
141071
950658
504876
585657
35673
379817
507617
129538
460625
496213
239323
185475
333818
176026
793268
739686
802918
812486
708913
523112
508221
839605
706077
935040
684444
882132
462257
509483
949465
958832
428655
980880
518437
987386
328205
683477
795339
703322
912783
569086
770389
543276
747630
367484
605837
145819
537204
356378
247009
637465
99497
834239
578464
555128
617383
762081
748385
131496
935050
925063
923842
656397
701956
793272
689294
245628
505293
962693
344760
839123
859127
936880
298756
877170
307999
911160
534085
410330
519871
623170
408065
868960
684065
975654
209776
259405
898350
481683
734819
50325
600805
997087
398722
794226
525863
906030
447534
189853
888686
870782
178053
660201
720414
507406
397507
13756
79476
963113
719301
557674
162075
129747
848810
431023
660509
387534
486290
860937
306294
607881
876872
726000
717509
485094
452156
85491
489116
693671
108009
489649
444214
187060
780437
341104
932808
241035
927991
965085
143600
989764
421938
758497
912522
938816
559872
222492
872802
180078
872874
958912
14979
187449
212147
94733
91502
669330
247637
770980
264870
227605
344419
77194
575208
663066
696781
503932
207929
537499
661954
876330
574551
427581
682672
859089
618385
316093
1446
586808
255731
499704
723675
944134
538969
52438
695944
46782
551268
975508
70512
370265
230411
237550
386560
690367
959689
808229
235728
745825
702068
870450
928137
940085
686638
139527
128418
164111
123956
387838
662659
850969
565396
427809
264458
163055
66811
366869
685867
359833
207852
923875
953521
705958
160077
256932
991716
421281
224092
431817
460035
420595
883391
299652
50225