401492
251155
768193
756049
536171
455866
73317
870140
351256
490781
853783
870006
22084
381032
557756
166651
191163
565696
544307
722019
907969
825744
538750
399748
598865
10368
446795
831604
537006
172551
550815
824940
832680
392215
265246
73160
948846
105719
450233
58347
164874
281775
767988
758591
240189
366492
15378
545626
688247
763619
741600
893884
316915
460354
124252
816821
493
466178
117696
269283
904385
61065
696750
188633
70497
473100
859449
132572
529843
345953
316173
240519
847109
760434
170621
705166
40302
460366
762151
369631
419010
863961
846662
686628
64049
49316
819476
132069
166716
908055
263002
435275
212949
688075
725781
983359
520979
150516
73478
547313
651087
772411
896983
745909
604382
587882
838117
58567
368810
507905
209006
577967
495
628518
175065
68928
705680
911480
835228
703674
998931
219652
433357
469071
239040
773136
814793
399683
146001
534677
213179
599084
709654
755659
725514
414297
828968
341852
972449
154767
670535
527418
717340
798063
453523
975692
537292
792819
384675
864643
471911
379223
205062
751692
109263
240596
888148
419102
922429
749191
24111
264626
98442
490993
128667
353939
289818
33431
618808
846539
546853
355658
183576
27709
181539
412545
934913
964625
192852
489186
578048
638089
698793
368415
948584
392819
296722
289405
808742
441207
813029
573552
849666
385680
842983
623139
61556
791575
688059
245972
380192
903547
877732
127899
794672
653453
377273
760202
344333
713976
534884
787824
582330
146638
643606
103352
196621
363389
572811
93103
182794
731488
70069
660259
275613
548786
777672
541670
319476
349661
679137
86002
418679
100336
550100
99878
229605
416688
431824
787503
900428
702853
494897
818370
511269
269909
348770
17541
763657
990382
100973
348301
395220
727389
553505
896194
129173
44700
840991
943391
551150
469351
256385
50454
260047
601519
20134
387665
124233
707176
445726
670482
820497
555453
161647
833915
835092
394980
888898
730730
407153
819723
63533
646204
298264
79217
395678
576947
405757
127378
760224
321138
482360
202042
518861
349157
214204
854139
571281
637437
463282
536058
654678
116121
387697
724195
669201
699136
595612
496957
689513
315979
331353
127959
384063
997216
1961
258274
539230
103000
332009
172185
699777
246466
87716
421210
196539
558977
898067
439320
529223
435024
546930
460266
808172
954214
474623
623867
168332
952053
97490
499300
337866
874444
128532
222295
514134
397340
645085
298418
231831
935447
592622
57907
20339
613236
273031
668555
891326
587407
903271
288843
863100
464622
677982
772923
186517
925087
781456
729674
361428
181245
275336
172063
562267
159697
579382
270798
58983
694548
757575
739942
30204
618450
495455
30759
701421
714731
842806
572496
939274
909428
292044
949975
882086
518266
409546
792754
154691
855910
687095
60882
179229
172924
667795
793520
121744
58814
472595
822848
304038
496941
505338
543361
859073
610287
529361
145014
325665
216268
723587
221103
603091
211922
564951
895104
416311
770841
513290
582995
969068
451105
560136
144730
929882
758999
773127
866076
478683
155703
250881
859761
645766
864523
173708
558345
481306
435857
794903
767398
112068
928634
341635
591018
787725
344079
613403
716106
125860
291374
573618
122146
88259
536755
552024
365923
393599
820530
306104
46503
283697
634848
257937
52005
537853
42769
918799
322304
121084
876699
631557
174458
641802
444314
158346
545286
635309
511821
856621
461626
745056
983390
204309
904227
736828
304639
850042
829107
873282
122992