125467
400568
848659
304212
236418
197433
774425
189985
478951
873933
53021
885100
530061
891513
727200
672135
276803
10222
837471
473557
452167
458687
287105
936921
363974
630845
979881
12633
274431
882288
155436
739182
940421
911988
483868
747243
795683
13039
715843
93672
179481
705579
777900
78442
374981
502932
886554
75056
970845
448271
831708
761180
769241
594420
620088
694205
822510
484394
741124
361333
685108
328734
325269
710603
2921
324576
438286
900368
426958
260250
31322
170150
72367
106285
274996
646385
872384
30889
35
922654
638947
954153
648708
500491
503687
613641
457791
231378
496170
705670
822108
190133
778174
899440
889262
300711
487210
988110
249965
96117